75
0 50 57 0 53 10 44 45 42 67 66 0 0 44 10 19 42 1 0 25 65 7 0 0 45 9 46 27 25 4 0 0 0 0 11 33 0 9 57 14 0 26 0 8 34 43 29 0 0 54 0 6 64 0 62 47 36 59 0 0 52 20 50 35 33 0 25 38 0 60 33 2 18 19 13 
50 0 10 40 59 71 16 34 16 19 22 65 52 0 14 61 6 5 31 0 0 10 28 0 0 0 26 45 42 17 50 48 43 42 5 61 6 69 15 0 0 0 46 0 67 0 6 17 0 0 27 19 0 48 61 0 0 7 59 24 0 41 0 25 48 28 26 40 55 0 0 0 0 15 70 
57 10 0 1 0 22 22 18 54 0 0 0 70 0 0 14 55 0 33 61 36 39 0 40 1 10 0 0 0 31 60 0 60 17 0 0 47 46 69 34 70 3 0 0 56 0 67 65 17 22 29 11 57 62 25 11 37 31 33 59 0 5 43 40 37 7 66 5 57 74 13 74 44 46 16 
0 40 1 0 70 73 0 4 11 17 25 49 8 62 49 0 40 22 37 38 0 48 69 0 15 63 47 26 31 53 0 59 15 0 45 64 53 29 11 11 15 0 0 0 50 0 20 4 50 34 0 0 0 19 19 0 54 0 0 8 26 0 10 30 74 58 48 0 32 31 0 33 60 47 5 
53 59 0 70 0 16 21 56 64 39 3 52 0 0 53 25 40 0 39 0 0 50 0 0 32 40 66 42 0 60 25 42 54 0 54 59 67 16 35 47 56 55 13 0 0 40 42 68 0 8 56 9 32 67 70 47 0 71 28 52 68 0 50 0 18 15 31 38 0 41 0 56 62 0 40 
10 71 22 73 16 0 37 0 68 23 0 0 64 29 12 34 29 21 0 43 0 0 22 0 45 38 0 0 21 0 12 61 4 4 31 52 51 32 61 43 48 0 0 65 11 0 0 0 0 0 67 5 53 50 10 22 38 66 21 0 48 68 0 0 22 39 24 0 22 47 57 56 11 0 28 
44 16 22 0 21 37 0 57 7 49 60 60 43 2 23 42 57 0 32 74 47 15 18 8 0 26 41 30 20 30 45 0 0 52 1 0 3 1 0 67 53 24 0 73 0 0 71 41 55 36 0 33 38 0 0 0 20 0 0 60 17 8 35 0 0 45 0 0 0 35 0 0 0 56 0 
45 34 18 4 56 0 57 0 0 7 0 36 19 18 29 43 21 9 0 35 39 6 68 9 51 47 57 22 12 10 55 39 0 8 18 0 0 31 57 66 0 15 0 27 44 13 57 48 10 49 0 0 2 0 0 23 55 28 0 32 54 0 19 0 0 39 15 60 47 30 19 6 0 17 25 
42 16 54 11 64 68 7 0 0 45 26 0 0 70 24 0 55 38 20 12 0 4 0 0 0 19 0 0 17 57 67 0 0 43 2 0 30 63 31 0 44 35 34 67 2 51 24 0 0 42 1 73 12 70 0 27 1 60 0 0 64 57 0 0 5 20 0 0 26 48 13 67 43 72 11 
67 19 0 17 39 23 49 7 45 0 32 40 6 27 0 20 56 0 31 0 46 61 0 18 1 32 59 39 8 41 34 54 21 10 0 0 50 15 36 25 71 0 1 0 7 73 48 0 53 0 17 56 58 0 0 0 0 0 58 17 1 0 48 37 55 0 0 23 0 40 64 4 0 56 29 
66 22 0 25 3 0 60 0 26 32 0 0 18 54 19 52 32 66 39 8 63 67 0 53 28 58 66 0 1 6 27 0 46 1 0 5 32 73 3 58 70 67 0 43 1 16 66 35 36 0 0 0 30 26 3 34 74 36 23 31 26 0 41 54 41 0 0 68 4 68 34 23 0 70 0 
0 65 0 49 52 0 60 36 0 40 0 0 0 16 13 0 43 44 0 60 22 65 0 0 41 55 0 13 54 12 31 0 0 0 27 70 16 11 0 0 60 71 47 66 26 65 46 14 52 0 73 12 59 35 47 35 32 0 0 2 53 39 38 0 0 11 0 0 55 29 0 25 51 15 58 
0 52 70 8 0 64 43 19 0 6 18 0 0 33 73 8 0 0 5 40 28 65 0 6 28 0 52 30 0 74 2 0 18 65 0 0 0 43 45 32 0 53 0 35 66 0 43 32 18 10 27 48 6 41 0 17 0 0 58 72 51 54 0 56 5 12 51 31 43 0 27 0 54 62 0 
44 0 0 62 0 29 2 18 70 27 54 16 33 0 41 49 0 54 25 46 70 0 26 61 0 13 12 31 23 0 0 0 0 0 0 74 9 74 0 54 4 13 38 63 0 9 41 0 45 10 51 71 0 0 0 0 30 61 0 0 17 11 52 0 14 47 40 0 51 46 26 67 0 51 67 
10 14 0 49 53 12 23 29 24 0 19 13 73 41 0 69 41 40 2 0 41 65 55 0 73 3 0 0 68 68 14 74 20 0 43 69 43 0 7 40 23 5 54 10 68 0 19 18 11 69 0 9 61 53 58 70 33 60 0 34 52 65 9 40 12 39 22 14 9 35 23 62 55 13 0 
19 61 14 0 25 34 42 43 0 20 52 0 8 49 69 0 74 0 25 0 67 36 0 30 20 10 0 71 0 50 0 64 0 0 32 28 30 16 7 26 69 29 0 57 28 16 0 74 12 55 15 0 20 0 29 54 14 0 0 29 0 0 39 0 39 0 9 8 4 32 0 26 18 0 38 
42 6 55 40 40 29 57 21 55 56 32 43 0 0 41 74 0 33 24 0 0 69 28 44 47 0 13 18 7 0 54 72 62 43 16 68 0 0 50 0 4 0 0 0 36 49 0 26 0 0 16 0 24 0 0 0 0 61 0 0 22 0 33 32 3 21 61 74 19 42 65 34 0 62 25 
1 5 0 22 0 21 0 9 38 0 66 44 0 54 40 0 33 0 0 0 66 0 0 23 0 53 11 51 4 71 0 40 28 0 6 61 27 0 0 1 20 29 46 10 63 0 0 70 0 0 70 0 52 0 34 0 13 47 49 26 28 0 43 69 55 66 22 0 34 64 74 58 22 0 0 
0 31 33 37 39 0 32 0 20 31 39 0 5 25 2 25 24 0 0 0 0 1 70 28 48 0 0 40 11 64 0 0 41 0 0 9 0 68 56 26 12 55 7 0 15 0 55 0 7 66 35 44 24 41 50 68 64 66 43 0 26 62 9 0 64 70 35 0 54 0 0 62 47 0 62 
25 0 61 38 0 43 74 35 12 0 8 60 40 46 0 0 0 0 0 0 49 15 0 51 53 0 0 61 8 63 28 59 0 70 67 0 66 44 0 23 0 51 33 0 24 60 63 72 0 23 20 0 0 28 31 29 0 41 45 0 0 20 70 18 28 0 55 8 61 27 0 56 49 7 0 
65 0 36 0 0 0 47 39 0 46 63 22 28 70 41 67 0 66 0 49 0 14 0 0 11 19 52 0 37 24 15 0 49 0 56 0 0 10 7 8 0 0 0 0 53 0 0 47 68 0 8 35 18 13 0 57 37 74 0 30 32 19 1 39 0 29 0 12 0 12 52 11 25 1 31 
7 10 39 48 50 0 15 6 4 61 67 65 65 0 65 36 69 0 1 15 14 0 7 43 18 0 0 0 0 0 66 0 43 54 18 0 25 10 41 0 2 70 45 64 45 50 50 61 0 71 29 29 48 62 0 0 0 21 72 54 0 0 70 0 0 8 28 54 67 0 52 0 0 0 0 
0 28 0 69 0 22 18 68 0 0 0 0 0 26 55 0 28 0 70 0 0 7 0 6 14 38 69 0 25 26 51 0 47 39 0 2 48 0 34 72 0 59 0 39 7 0 26 51 61 8 35 68 21 67 0 37 52 0 46 0 1 72 0 44 70 2 53 12 60 30 0 0 0 18 1 
0 0 40 0 0 0 8 9 0 18 53 0 6 61 0 30 44 23 28 51 0 43 6 0 47 70 46 72 70 18 0 0 65 41 16 72 0 0 38 57 1 34 0 70 44 23 0 0 18 53 16 36 62 17 20 59 71 1 11 3 0 0 51 0 0 53 0 37 0 0 0 32 0 0 0 
45 0 1 15 32 45 0 51 0 1 28 41 28 0 73 20 47 0 48 53 11 18 14 47 0 0 48 0 0 52 39 0 0 57 0 0 23 11 6 0 31 64 73 4 18 0 0 47 14 21 33 45 0 16 39 52 17 13 9 3 40 0 63 50 0 0 16 4 31 5 16 59 35 11 0 
9 0 10 63 40 38 26 47 19 32 58 55 0 13 3 10 0 53 0 0 19 0 38 70 0 0 29 22 15 34 0 21 8 0 0 49 5 0 0 58 36 61 0 64 26 0 12 0 36 50 12 2 30 32 46 17 71 59 27 0 49 2 34 0 0 0 71 46 0 35 71 32 7 0 0 
46 26 0 47 66 0 41 57 0 59 66 0 52 12 0 0 13 11 0 0 52 0 69 46 48 29 0 49 0 42 58 0 56 50 45 73 0 71 11 0 31 0 0 0 59 0 0 43 35 3 13 8 21 0 43 5 8 64 0 55 69 73 35 57 29 25 3 63 18 0 57 21 13 3 24 
27 45 0 26 42 0 30 22 0 39 0 13 30 31 0 71 18 51 40 61 0 0 0 72 0 22 49 0 53 62 0 57 24 54 34 65 0 33 46 5 0 51 65 63 67 0 8 48 0 3 32 20 29 64 37 0 1 25 37 43 17 19 25 11 0 1 54 4 54 18 0 7 0 48 49 
25 42 0 31 0 21 20 12 17 8 1 54 0 23 68 0 7 4 11 8 37 0 25 70 0 15 0 53 0 29 5 0 17 38 25 0 32 0 60 0 39 0 38 0 40 21 40 3 73 0 68 42 66 0 9 69 64 0 11 32 25 32 27 0 0 63 71 0 32 73 0 0 44 46 12 
4 17 31 53 60 0 30 10 57 41 6 12 74 0 68 50 0 71 64 63 24 0 26 18 52 34 42 62 29 0 15 11 9 58 0 53 9 0 72 68 55 1 61 35 55 62 19 0 3 15 0 31 31 28 48 16 0 54 0 0 13 36 55 0 0 35 6 28 0 28 44 0 33 71 0 
0 50 60 0 25 12 45 55 67 34 27 31 2 0 14 0 54 0 0 28 15 66 51 0 39 0 58 0 5 15 0 67 9 62 60 37 63 53 5 37 0 62 2 49 13 0 1 37 38 49 0 14 0 7 0 34 72 0 29 36 20 0 0 6 0 42 0 31 0 51 2 74 48 5 56 
0 48 0 59 42 61 0 39 0 54 0 0 0 0 74 64 72 40 0 59 0 0 0 0 0 21 0 57 0 11 67 0 17 20 53 16 43 72 0 0 0 5 0 10 61 71 49 69 44 0 2 0 59 40 57 54 71 50 43 38 2 5 0 27 49 42 31 0 1 31 0 10 0 3 72 
0 43 60 15 54 4 0 0 0 21 46 0 18 0 20 0 62 28 41 0 49 43 47 65 0 8 56 24 17 9 9 17 0 3 63 45 0 0 0 58 63 0 6 0 56 71 45 73 48 6 0 64 63 51 51 12 41 0 28 0 52 32 19 50 25 0 0 0 0 5 17 39 40 0 19 
0 42 17 0 0 4 52 8 43 10 1 0 65 0 0 0 43 0 0 70 0 54 39 41 57 0 50 54 38 58 62 20 3 0 34 57 0 25 0 5 4 0 33 0 46 0 67 51 0 22 33 30 70 15 48 7 36 30 68 15 30 41 0 39 26 52 0 47 32 0 38 54 40 0 4 
11 5 0 45 54 31 1 18 2 0 0 27 0 0 43 32 16 6 0 67 56 18 0 16 0 0 45 34 25 0 60 53 63 34 0 39 70 73 0 28 32 66 27 0 0 0 7 46 0 73 43 17 14 66 14 74 0 0 17 1 67 71 0 0 0 32 0 4 4 67 2 0 64 68 0 
33 61 0 64 59 52 0 0 0 0 5 70 0 74 69 28 68 61 9 0 0 0 2 72 0 49 73 65 0 53 37 16 45 57 39 0 42 22 0 33 15 23 0 0 49 0 37 29 26 54 28 0 30 55 0 0 10 6 57 0 54 8 55 0 47 0 40 24 0 0 0 45 0 0 61 
0 6 47 53 67 51 3 0 30 50 32 16 0 9 43 30 0 27 0 66 0 25 48 0 23 5 0 0 32 9 63 43 0 0 70 42 0 35 59 57 55 41 50 27 0 0 71 60 42 53 24 35 64 48 3 21 64 9 58 14 21 8 67 47 71 34 36 9 47 0 69 0 31 0 14 
9 69 46 29 16 32 1 31 63 15 73 11 43 74 0 16 0 0 68 44 10 10 0 0 11 0 71 33 0 0 53 72 0 25 73 22 35 0 45 6 7 69 25 0 62 66 48 3 0 2 0 16 72 33 0 17 13 30 16 0 0 9 64 3 29 53 23 0 34 11 39 50 30 27 36 
57 15 69 11 35 61 0 57 31 36 3 0 45 0 7 7 50 0 56 0 7 41 34 38 6 0 11 46 60 72 5 0 0 0 0 0 59 45 0 33 0 0 33 10 0 72 33 68 0 13 53 0 0 0 63 2 0 25 10 0 0 70 0 53 0 65 54 0 51 29 47 0 58 0 8 
14 0 34 11 47 43 67 66 0 25 58 0 32 54 40 26 0 1 26 23 8 0 72 57 0 58 0 5 0 68 37 0 58 5 28 33 57 6 33 0 50 74 0 65 69 43 33 0 74 52 0 0 32 11 0 0 0 60 58 0 50 0 36 5 70 40 0 4 52 0 67 0 0 0 20 
0 0 70 15 56 48 53 0 44 71 70 60 0 4 23 69 4 20 12 0 0 2 0 1 31 36 31 0 39 55 0 0 63 4 32 15 55 7 0 50 0 35 49 63 21 0 0 15 22 0 8 0 20 0 0 59 0 30 35 71 42 45 68 64 0 73 65 18 0 5 53 5 7 31 12 
26 0 3 0 55 0 24 15 35 0 67 71 53 13 5 29 0 29 55 51 0 70 59 34 64 61 0 51 0 1 62 5 0 0 66 23 41 69 0 74 35 0 0 0 0 25 18 1 63 63 0 62 34 46 35 29 0 70 74 2 52 23 72 31 0 0 16 0 0 59 0 52 0 43 33 
0 46 0 0 13 0 0 0 34 1 0 47 0 38 54 0 0 46 7 33 0 45 0 0 73 0 0 65 38 61 2 0 6 33 27 0 50 25 33 0 49 0 0 47 24 39 8 9 45 26 61 9 0 50 5 64 64 71 20 0 0 0 72 58 21 40 23 0 26 16 0 28 0 0 0 
8 0 0 0 0 65 73 27 67 0 43 66 35 63 10 57 0 10 0 0 0 64 39 70 4 64 0 63 0 35 49 10 0 0 0 0 27 0 10 65 63 0 47 0 67 10 50 66 0 0 50 3 44 37 0 6 46 21 73 74 28 0 0 48 70 10 41 65 18 63 60 46 0 49 27 
34 67 56 50 0 11 0 44 2 7 1 26 66 0 68 28 36 63 15 24 53 45 7 44 18 26 59 67 40 55 13 61 56 46 0 49 0 62 0 69 21 0 24 67 0 71 41 43 34 29 23 0 54 30 27 30 0 53 42 5 0 0 0 6 0 55 40 15 34 8 18 34 40 0 0 
43 0 0 0 40 0 0 13 51 73 16 65 0 9 0 16 49 0 0 60 0 50 0 23 0 0 0 0 21 62 0 71 71 0 0 0 0 66 72 43 0 25 39 10 71 0 36 67 0 45 19 0 0 51 0 0 8 61 0 29 17 0 0 60 0 17 54 0 62 19 74 64 0 70 33 
29 6 67 20 42 0 71 57 24 48 66 46 43 41 19 0 0 0 55 63 0 50 26 0 0 12 0 8 40 19 1 49 45 67 7 37 71 48 33 33 0 18 8 50 41 36 0 56 71 14 33 53 0 0 40 0 34 30 21 0 69 0 0 34 44 0 3 70 44 7 0 12 0 0 41 
0 17 65 4 68 0 41 48 0 0 35 14 32 0 18 74 26 70 0 72 47 61 51 0 47 0 43 48 3 0 37 69 73 51 46 29 60 3 68 0 15 1 9 66 43 67 56 0 25 54 28 38 32 0 0 0 34 24 0 41 61 64 0 12 56 31 0 29 0 57 24 52 41 8 0 
0 0 17 50 0 0 55 10 0 53 36 52 18 45 11 12 0 0 7 0 68 0 61 18 14 36 35 0 73 3 38 44 48 0 0 26 42 0 0 74 22 63 45 0 34 0 71 25 0 0 6 1 46 0 0 0 45 0 0 0 24 0 44 0 0 0 0 0 0 67 0 67 0 0 0 
54 0 22 34 8 0 36 49 42 0 0 0 10 10 69 55 0 0 66 23 0 71 8 53 21 50 3 3 0 15 49 0 6 22 73 54 53 2 13 52 0 63 26 0 29 45 14 54 0 0 0 0 12 39 40 25 64 0 62 53 0 0 20 32 26 55 37 51 15 66 0 0 0 0 60 
0 27 29 0 56 67 0 0 1 17 0 73 27 51 0 15 16 70 35 20 8 29 35 16 33 12 13 32 68 0 0 2 0 33 43 28 24 0 53 0 8 0 61 50 23 19 33 28 6 0 0 34 43 0 73 0 23 0 59 0 58 0 20 0 49 64 43 0 0 20 73 70 16 74 72 
6 19 11 0 9 5 33 0 73 56 0 12 48 71 9 0 0 0 44 0 35 29 68 36 45 2 8 20 42 31 14 0 64 30 17 0 35 16 0 0 0 62 9 3 0 0 53 38 1 0 34 0 0 44 3 11 64 46 48 73 29 0 68 74 0 0 0 0 1 1 0 0 0 58 32 
64 0 57 0 32 53 38 2 12 58 30 59 6 0 61 20 24 52 24 0 18 48 21 62 0 30 21 29 66 31 0 59 63 70 14 30 64 72 0 32 20 34 0 44 54 0 0 32 46 12 43 0 0 67 50 35 0 0 0 6 0 0 46 38 0 51 1 0 44 20 0 72 5 55 0 
0 48 62 19 67 50 0 0 70 0 26 35 41 0 53 0 0 0 41 28 13 62 67 17 16 32 0 64 0 28 7 40 51 15 66 55 48 33 0 11 0 46 50 37 30 51 0 0 0 39 0 44 67 0 68 49 74 48 27 0 43 27 43 0 18 60 55 13 74 0 37 60 0 0 0 
62 61 25 19 70 10 0 0 0 0 3 47 0 0 58 29 0 34 50 31 0 0 0 20 39 46 43 37 9 48 0 57 51 48 14 0 3 0 63 0 0 35 5 0 27 0 40 0 0 40 73 3 50 68 0 0 67 18 60 21 73 21 0 0 41 0 47 0 30 11 74 41 68 0 36 
47 0 11 0 47 22 0 23 27 0 34 35 17 0 70 54 0 0 68 29 57 0 37 59 52 17 5 0 69 16 34 54 12 7 74 0 21 17 2 0 59 29 64 6 30 0 0 0 0 25 0 11 35 49 0 0 48 32 0 40 29 10 0 49 1 3 18 0 0 0 14 44 0 0 9 
36 0 37 54 0 38 20 55 1 0 74 32 0 30 33 14 0 13 64 0 37 0 52 71 17 71 8 1 64 0 72 71 41 36 0 10 64 13 0 0 0 0 64 46 0 8 34 34 45 64 23 64 0 74 67 48 0 72 51 0 35 0 57 0 70 9 0 6 73 39 74 37 65 0 10 
59 7 31 0 71 66 0 28 60 0 36 0 0 61 60 0 61 47 66 41 74 21 0 1 13 59 64 25 0 54 0 50 0 30 0 6 9 30 25 60 30 70 71 21 53 61 30 24 0 0 0 46 0 48 18 32 72 0 0 54 25 19 73 19 26 26 35 0 74 41 5 49 0 0 29 
0 59 33 0 28 21 0 0 0 58 23 0 58 0 0 0 0 49 43 45 0 72 46 11 9 27 0 37 11 0 29 43 28 68 17 57 58 16 10 58 35 74 20 73 42 0 21 0 0 62 59 48 0 27 60 0 51 0 0 67 7 0 32 9 0 0 0 0 25 0 34 0 0 32 33 
0 24 59 8 52 0 60 32 0 17 31 2 72 0 34 29 0 26 0 0 30 54 0 3 3 0 55 43 32 0 36 38 0 15 1 0 14 0 0 0 71 2 0 74 5 29 0 41 0 53 0 73 6 0 21 40 0 54 67 0 46 16 28 62 0 0 1 0 29 28 0 45 2 0 0 
52 0 0 26 68 48 17 54 64 1 26 53 51 17 52 0 22 28 26 0 32 0 1 0 40 49 69 17 25 13 20 2 52 30 67 54 21 0 0 50 42 52 0 28 0 17 69 61 24 0 58 29 0 43 73 29 35 25 7 46 0 64 36 15 0 0 0 0 22 54 42 20 0 0 33 
20 41 5 0 0 68 8 0 57 0 0 39 54 11 65 0 0 0 62 20 19 0 72 0 0 2 73 19 32 36 0 5 32 41 71 8 8 9 70 0 45 23 0 0 0 0 0 64 0 0 0 0 0 27 21 10 0 19 0 16 64 0 36 3 29 68 71 3 60 40 54 0 0 0 0 
50 0 43 10 50 0 35 19 0 48 41 38 0 52 9 39 33 43 9 70 1 70 0 51 63 34 35 25 27 55 0 0 19 0 0 55 67 64 0 36 68 72 72 0 0 0 0 0 44 20 20 68 46 43 0 0 57 73 32 28 36 36 0 71 33 44 0 9 64 32 0 0 21 29 16 
35 25 40 30 0 0 0 0 0 37 54 0 56 0 40 0 32 69 0 18 39 0 44 0 50 0 57 11 0 0 6 27 50 39 0 0 47 3 53 5 64 31 58 48 6 60 34 12 0 32 0 74 38 0 0 49 0 19 9 62 15 3 71 0 59 2 4 51 0 8 29 27 0 74 0 
33 48 37 74 18 22 0 0 5 55 41 0 5 14 12 39 3 55 64 28 0 0 70 0 0 0 29 0 0 0 0 49 25 26 0 47 71 29 0 70 0 0 21 70 0 0 44 56 0 26 49 0 0 18 41 1 70 26 0 0 0 29 33 59 0 0 35 24 0 0 0 0 27 16 0 
0 28 7 58 15 39 45 39 20 0 0 11 12 47 39 0 21 66 70 0 29 8 2 53 0 0 25 1 63 35 42 42 0 52 32 0 34 53 65 40 73 0 40 10 55 17 0 31 0 55 64 0 51 60 0 3 9 26 0 0 0 68 44 2 0 0 46 50 0 0 65 3 24 28 0 
25 26 66 48 31 24 0 15 0 0 0 0 51 40 22 9 61 22 35 55 0 28 53 0 16 71 3 54 71 6 0 31 0 0 0 40 36 23 54 0 65 16 23 41 40 54 3 0 0 37 43 0 1 55 47 18 0 35 0 1 0 71 0 4 35 46 0 69 63 0 0 0 68 4 19 
38 40 5 0 38 0 0 60 0 23 68 0 31 0 14 8 74 0 0 8 12 54 12 37 4 46 63 4 0 28 31 0 0 47 4 24 9 0 0 4 18 0 0 65 15 0 70 29 0 51 0 0 0 13 0 0 6 0 0 0 0 3 9 51 24 50 69 0 18 4 0 37 24 45 38 
0 55 57 32 0 22 0 47 26 0 4 55 43 51 9 4 19 34 54 61 0 67 60 0 31 0 18 54 32 0 0 1 0 32 4 0 47 34 51 52 0 0 26 18 34 62 44 0 0 15 0 1 44 74 30 0 73 74 25 29 22 60 64 0 0 0 63 18 0 56 22 35 51 44 35 
60 0 74 31 41 47 35 30 48 40 68 29 0 46 35 32 42 64 0 27 12 0 30 0 5 35 0 18 73 28 51 31 5 0 67 0 0 11 29 0 5 59 16 63 8 19 7 57 67 66 20 1 20 0 11 0 39 41 0 28 54 40 32 8 0 0 0 4 56 0 0 13 0 0 0 
33 0 13 0 0 57 0 19 13 64 34 0 27 26 23 0 65 74 0 0 52 52 0 0 16 71 57 0 0 44 2 0 17 38 2 0 69 39 47 67 53 0 0 60 18 74 0 24 0 0 73 0 0 37 74 14 74 5 34 0 42 54 0 29 0 65 0 0 22 0 0 0 0 18 46 
2 0 74 33 56 56 0 6 67 4 23 25 0 67 62 26 34 58 62 56 11 0 0 32 59 32 21 7 0 0 74 10 39 54 0 45 0 50 0 0 5 52 28 46 34 64 12 52 67 0 70 0 72 60 41 44 37 49 0 45 20 0 0 27 0 3 0 37 35 13 0 0 38 0 62 
18 0 44 60 62 11 0 0 43 0 0 51 54 0 55 18 0 22 47 49 25 0 0 0 35 7 13 0 44 33 48 0 40 40 64 0 31 30 58 0 7 0 0 0 40 0 0 41 0 0 16 0 5 0 68 0 65 0 0 2 0 0 21 0 27 24 68 24 51 0 0 38 0 0 0 
19 15 46 47 0 0 56 17 72 56 70 15 62 51 13 0 62 0 0 7 1 0 18 0 11 0 3 48 46 71 5 3 0 0 68 0 0 27 0 0 31 43 0 49 0 70 0 8 0 0 74 58 55 0 0 0 0 0 32 0 0 0 29 74 16 28 4 45 44 0 18 0 0 0 0 
13 70 16 5 40 28 0 25 11 29 0 58 0 67 0 38 25 0 62 0 31 0 1 0 0 0 24 49 12 0 56 72 19 4 0 61 14 36 8 20 12 33 0 27 0 33 41 0 0 60 72 32 0 0 36 9 10 29 33 0 33 0 16 0 0 0 19 38 35 0 46 62 0 0 0 
