150
0 0 0 0 0 0 4 0 0 107 93 61 111 112 52 46 27 17 86 0 43 42 0 51 0 0 0 96 0 141 97 103 0 126 0 0 29 0 0 137 52 149 88 90 0 141 80 132 60 120 24 14 0 62 59 144 39 0 77 24 0 93 0 1 0 59 101 0 47 113 87 90 0 138 69 0 0 121 83 51 10 32 98 0 143 23 25 82 145 148 26 76 68 7 100 144 39 0 129 0 74 13 7 87 0 0 128 11 15 0 128 108 0 23 141 0 3 0 1 42 93 96 92 40 35 0 0 110 35 0 54 20 33 0 33 3 124 0 137 0 102 0 42 0 55 1 7 121 66 4 
0 0 10 0 119 122 0 0 0 116 100 130 0 131 132 40 5 0 81 0 123 0 56 70 33 69 126 121 117 94 96 31 124 142 0 47 0 78 0 0 102 0 78 136 0 113 0 104 74 8 143 25 0 0 0 15 108 0 79 83 14 146 0 76 0 92 81 102 93 0 28 0 139 0 47 41 124 0 67 0 0 107 118 113 0 0 115 33 0 0 0 121 0 134 83 0 101 94 148 64 0 66 0 0 0 87 0 0 110 58 0 37 78 0 10 0 73 0 36 104 22 0 0 0 86 28 107 0 0 87 0 101 96 39 115 0 68 53 0 31 73 135 0 122 0 0 0 81 115 81 
0 10 0 132 0 41 0 0 0 120 58 11 83 64 124 88 5 77 12 71 18 122 52 21 68 0 125 71 147 138 0 129 0 0 0 122 0 76 65 0 0 89 96 112 29 128 0 0 0 0 72 75 114 67 0 0 115 17 17 132 112 43 7 0 13 80 98 0 121 87 0 0 0 142 51 22 98 54 18 113 47 54 0 86 0 73 26 23 4 68 0 74 44 0 0 109 45 0 140 0 0 39 45 79 48 0 43 116 0 0 38 144 0 44 0 136 30 77 119 97 0 56 30 9 35 22 6 26 0 1 21 0 69 0 0 59 52 0 131 0 0 45 0 0 0 0 30 0 0 48 
0 0 132 0 98 0 47 0 97 94 0 138 40 49 7 119 112 141 93 0 0 0 5 0 83 0 54 0 34 11 14 0 0 0 0 98 121 0 143 38 80 29 0 69 45 130 0 143 121 134 128 30 83 0 0 0 38 73 3 0 89 133 140 0 20 95 132 78 24 32 58 0 70 143 51 0 0 108 0 7 0 98 79 0 83 98 112 112 134 37 0 123 23 42 118 19 7 67 0 89 0 148 0 0 0 120 149 0 0 90 0 95 100 111 28 1 51 34 0 33 7 93 71 124 0 32 58 69 118 0 28 46 39 92 133 86 122 142 56 0 61 65 114 58 20 136 34 0 114 79 
0 119 0 98 0 0 0 0 52 0 112 93 13 139 0 88 52 1 2 8 85 60 135 61 0 31 143 32 48 46 0 127 102 88 0 0 91 0 44 115 68 113 32 68 127 2 86 114 91 0 83 0 141 117 64 138 19 0 117 40 113 42 128 100 54 60 37 0 20 0 0 77 0 125 0 13 133 126 145 0 61 100 37 8 103 51 30 92 145 23 85 51 103 8 11 135 38 85 46 0 64 144 78 134 23 0 44 74 27 7 91 76 14 0 0 25 34 21 0 0 103 99 126 0 26 35 0 94 36 29 14 0 0 0 121 91 129 30 148 32 143 0 69 30 0 86 0 49 60 6 
0 122 41 0 0 0 13 60 0 45 44 136 127 59 15 13 10 0 48 7 70 96 0 0 29 0 0 85 90 38 19 0 39 0 41 0 0 0 0 2 43 0 119 59 40 118 107 115 131 0 0 53 0 10 50 136 0 111 0 106 80 0 138 0 139 53 81 113 48 147 0 122 22 114 25 7 45 108 66 134 44 0 146 10 78 116 5 87 1 0 43 14 46 0 41 60 6 0 0 74 119 0 0 94 0 0 118 17 71 18 22 0 0 0 19 67 134 45 113 91 15 0 68 9 0 139 99 0 0 105 13 129 78 2 59 0 82 24 38 0 7 19 4 71 92 0 131 63 85 49 
4 0 0 47 0 13 0 60 41 113 130 134 98 0 146 7 149 63 134 90 0 0 0 72 15 74 0 43 0 0 60 0 148 0 0 61 41 27 134 47 94 55 1 109 57 84 130 0 76 31 0 6 13 106 36 41 0 22 75 146 133 115 4 122 45 0 0 0 0 134 86 32 0 86 87 38 146 117 0 0 58 0 104 148 23 13 31 0 8 70 104 40 0 92 0 105 19 0 112 92 75 141 4 146 0 92 142 0 94 0 136 123 0 40 0 78 62 43 23 103 100 0 24 0 55 0 72 7 1 94 0 92 93 57 31 65 44 103 37 0 101 48 0 73 0 89 48 0 43 0 
0 0 0 0 0 60 60 0 129 51 64 57 0 38 0 9 81 76 101 146 0 131 0 66 54 121 0 69 76 59 0 110 0 135 147 0 129 9 0 57 0 32 16 0 44 62 106 0 0 0 68 50 42 27 121 65 0 0 90 136 105 0 37 0 5 0 12 21 113 142 0 72 126 0 5 78 0 37 0 58 5 103 35 38 106 0 28 46 128 142 0 77 0 0 142 0 51 15 0 41 0 148 74 10 0 149 38 27 46 18 3 98 0 86 0 110 96 134 6 53 16 0 0 109 6 0 0 0 119 65 0 0 24 0 117 5 40 47 50 38 0 38 52 0 138 23 5 58 120 60 
0 0 0 97 52 0 41 129 0 0 0 0 81 54 142 0 54 52 110 82 108 115 0 0 56 146 0 136 0 112 0 80 140 143 114 0 113 79 136 1 87 6 0 78 0 53 29 25 0 76 68 147 69 0 92 56 0 67 34 85 35 4 109 0 101 78 140 22 116 142 69 25 0 0 143 75 0 138 124 124 95 119 0 6 36 39 127 62 113 27 39 7 51 57 0 30 42 117 0 7 0 66 94 58 74 77 0 39 65 75 37 26 0 0 31 13 0 0 139 39 132 0 133 120 92 45 134 65 29 0 129 73 24 115 129 37 125 0 91 48 49 0 145 44 144 0 47 0 63 109 
107 116 120 94 0 45 113 51 0 0 0 0 114 64 88 24 40 61 88 1 0 0 0 0 0 131 89 32 0 36 0 31 0 142 4 23 80 98 0 0 0 7 148 0 81 130 0 20 14 4 62 104 129 0 64 100 0 142 0 33 118 0 105 77 91 38 90 131 0 34 0 57 123 115 120 0 121 0 13 0 127 0 0 0 120 15 0 43 0 103 0 96 0 0 102 8 45 144 43 0 0 46 61 125 120 0 0 25 61 70 0 72 129 80 82 12 124 0 16 77 128 0 3 0 0 0 141 0 21 0 87 129 61 23 0 0 5 0 35 0 0 80 30 124 0 129 126 41 110 0 
93 100 58 0 112 44 130 64 0 0 0 0 33 0 74 0 0 0 50 96 40 148 83 64 112 103 0 75 43 64 113 124 140 42 0 60 3 0 143 12 0 83 21 0 63 37 24 67 112 86 67 58 103 58 44 0 0 27 126 81 34 43 138 0 117 6 124 126 57 110 91 115 38 30 0 112 74 82 0 69 0 107 77 46 0 63 146 117 0 146 129 7 16 10 0 87 147 0 89 63 0 142 0 5 0 0 36 79 0 0 0 68 36 0 0 126 1 63 75 15 144 134 145 91 59 40 80 0 0 29 0 106 138 0 87 0 0 23 65 146 0 84 75 6 84 0 0 0 54 0 
61 130 11 138 93 136 134 57 0 0 0 0 77 108 0 114 135 86 51 146 35 96 82 0 74 54 41 142 7 0 104 132 0 121 0 63 67 5 63 119 130 8 35 68 59 58 62 0 100 0 0 146 84 35 29 0 79 0 0 89 137 71 106 131 53 0 129 0 106 18 0 0 109 33 29 17 4 66 51 93 45 101 94 117 0 131 123 127 18 16 86 87 22 81 55 26 0 0 13 0 0 0 0 121 149 113 0 68 109 0 102 0 89 11 140 0 0 0 60 16 89 31 49 0 100 0 41 11 0 0 19 145 0 0 8 109 106 0 30 42 0 0 81 0 4 29 142 132 0 148 
111 0 83 40 13 127 98 0 81 114 33 77 0 23 62 27 77 0 0 30 1 35 8 2 20 0 0 0 104 56 0 0 39 0 0 2 28 45 0 22 48 19 0 82 54 55 0 133 119 26 114 23 131 117 0 140 12 17 107 42 84 88 105 126 105 34 0 1 0 36 52 123 93 63 5 0 81 113 83 109 0 1 84 75 0 87 2 22 26 0 19 5 45 53 87 0 139 0 115 0 115 0 0 33 17 134 0 60 82 106 57 0 94 31 0 74 5 87 59 0 142 89 0 9 69 0 0 0 0 0 0 133 120 124 105 24 144 0 0 139 69 0 9 2 148 52 138 0 0 72 
112 131 64 49 139 59 0 38 54 64 0 108 23 0 0 0 0 0 58 141 0 38 24 23 0 0 59 141 144 15 29 0 67 68 38 36 0 0 16 0 133 113 0 0 86 104 40 35 0 41 103 58 0 86 0 0 46 0 0 18 84 87 65 129 0 0 148 84 0 0 104 0 0 126 89 123 116 144 0 55 26 116 63 0 51 126 0 131 92 51 0 149 0 70 0 69 0 79 48 21 143 0 3 70 59 0 129 0 0 0 11 134 144 0 135 0 25 53 4 144 115 0 73 29 71 0 23 95 32 88 79 0 56 0 7 106 0 0 31 45 0 103 0 118 100 115 0 64 0 97 
52 132 124 7 0 15 146 0 142 88 74 0 62 0 0 0 30 36 71 67 89 0 6 21 0 18 0 0 27 141 15 86 75 39 4 50 93 49 65 0 0 42 137 83 0 84 74 109 0 136 73 0 112 0 0 127 0 0 47 108 0 57 60 102 10 65 0 41 120 0 110 67 2 46 70 71 0 22 128 0 124 24 10 110 0 48 95 129 0 25 125 149 146 5 0 0 72 56 47 45 95 85 35 0 10 125 0 44 0 41 7 144 26 120 91 8 7 113 138 10 0 14 0 102 105 27 66 0 88 0 12 133 115 0 97 137 15 123 56 0 132 142 35 0 36 118 147 0 0 0 
46 40 88 119 88 13 7 9 0 24 0 114 27 0 0 0 3 0 139 102 0 66 49 109 95 60 112 0 148 45 67 107 130 111 112 0 69 15 113 80 42 117 140 0 134 133 0 0 23 14 0 133 0 58 12 0 0 104 116 71 148 13 59 9 38 6 0 0 0 0 42 29 52 0 24 75 29 139 132 51 90 46 48 106 0 1 0 149 82 97 10 0 146 100 70 16 0 0 113 76 0 45 140 13 88 50 49 0 45 103 61 90 89 0 0 71 87 0 24 28 25 42 144 90 100 77 90 146 0 0 0 67 68 0 13 0 140 37 0 0 13 0 0 41 5 0 1 95 100 140 
27 5 5 112 52 10 149 81 54 40 0 135 77 0 30 3 0 33 28 0 0 0 0 0 139 0 96 0 22 73 124 0 2 62 0 112 137 78 52 34 21 0 61 34 0 0 53 57 0 55 0 46 0 36 0 82 0 98 120 54 4 103 61 0 42 0 104 11 95 117 132 97 0 120 0 0 96 0 100 119 50 0 44 93 115 80 2 87 148 0 127 0 41 0 13 38 111 128 73 9 0 0 8 86 22 101 97 0 139 0 91 117 71 0 31 139 95 0 25 44 0 99 123 37 0 0 0 0 114 53 44 0 119 113 119 136 6 14 0 89 0 62 109 44 0 54 75 0 0 74 
17 0 77 141 1 0 63 76 52 61 0 86 0 0 36 0 33 0 142 0 7 0 44 59 147 106 0 42 5 80 0 50 61 15 0 0 41 44 0 112 76 30 136 0 51 65 124 1 0 70 0 0 146 0 105 0 107 145 132 113 9 0 53 136 148 0 1 38 136 0 0 101 130 0 14 144 0 0 87 13 76 0 0 6 19 0 131 41 7 28 142 0 7 56 1 14 98 28 149 46 64 114 0 0 83 15 0 46 54 0 29 106 94 0 37 0 122 0 75 10 0 20 0 0 0 23 32 124 127 67 112 49 0 0 124 94 149 0 16 42 110 0 88 6 3 57 36 0 7 0 
86 81 12 93 2 48 134 101 110 88 50 51 0 58 71 139 28 142 0 109 101 0 0 24 45 40 63 0 30 38 0 50 0 128 0 83 86 2 0 0 0 4 0 17 0 72 0 9 121 0 77 132 0 0 57 118 88 80 56 0 132 106 45 88 23 134 0 124 0 0 122 46 2 104 127 0 0 8 137 61 119 138 15 106 0 38 128 78 0 72 144 69 28 64 66 63 0 86 104 90 59 149 0 58 35 58 71 0 0 0 0 39 129 83 105 142 26 0 70 0 33 131 0 79 65 86 0 117 0 0 27 47 83 5 0 127 132 0 39 82 97 61 88 29 19 0 143 0 88 0 
0 0 71 0 8 7 90 146 82 1 96 146 30 141 67 102 0 0 109 0 0 0 0 126 0 0 126 118 121 68 28 86 68 0 132 36 99 53 53 113 0 102 0 0 115 0 140 0 114 2 67 0 21 0 0 1 69 0 0 109 59 0 13 96 72 140 0 73 17 0 93 0 53 132 0 0 43 109 29 0 117 34 76 0 72 122 53 87 53 0 0 55 16 130 0 0 0 12 49 22 0 0 52 103 0 139 82 0 8 0 125 142 80 109 18 0 123 76 0 107 98 0 116 18 109 24 71 144 139 93 0 41 30 84 133 141 0 112 0 13 0 54 56 98 119 0 0 0 93 118 
43 123 18 0 85 70 0 0 108 0 40 35 1 0 89 0 0 7 101 0 0 84 0 65 0 64 0 144 71 0 0 0 0 0 54 131 0 129 137 87 0 142 93 137 78 90 0 87 50 73 133 109 8 33 10 0 122 0 57 55 76 0 0 59 70 81 0 0 70 0 145 100 70 145 142 31 0 119 0 60 54 149 0 122 52 36 92 0 122 89 35 44 108 109 24 63 19 137 20 45 18 0 0 93 19 130 74 80 24 0 56 37 0 102 0 149 25 31 64 0 106 80 138 55 0 139 129 108 149 0 0 118 26 96 1 0 149 0 86 101 34 112 0 46 78 79 59 0 0 0 
42 0 122 0 60 96 0 131 115 0 148 96 35 38 0 66 0 0 0 0 84 0 132 67 0 0 102 0 0 20 98 118 0 0 24 119 0 78 0 26 14 69 42 104 43 9 19 114 5 0 0 87 0 37 0 101 33 0 0 115 71 86 93 0 28 135 43 0 133 0 130 0 38 0 35 1 0 125 0 101 66 0 38 50 84 19 0 12 0 39 0 0 140 65 61 0 0 110 0 49 0 140 4 54 38 71 0 20 113 51 0 117 0 80 12 51 43 112 108 0 122 4 0 64 0 62 16 27 146 0 77 14 0 17 0 63 72 35 122 25 0 132 53 0 88 51 136 35 0 142 
0 56 52 5 135 0 0 0 0 0 83 82 8 24 6 49 0 44 0 0 0 132 0 61 78 147 28 103 84 8 60 11 0 29 17 147 0 46 0 111 141 0 70 0 0 132 59 66 87 5 33 102 129 0 48 0 144 97 35 0 0 79 0 40 0 97 0 0 50 0 106 25 0 0 0 0 139 0 85 53 67 0 0 100 53 0 118 60 145 23 0 67 27 89 71 118 0 0 94 92 0 0 0 0 0 0 26 0 123 144 39 76 0 84 91 94 0 117 6 36 92 8 28 113 4 74 0 1 79 46 113 0 27 36 0 18 21 26 42 0 38 31 5 39 0 0 0 59 0 0 
51 70 21 0 61 0 72 66 0 0 64 0 2 23 21 109 0 59 24 126 65 67 61 0 112 48 33 1 43 27 145 0 47 54 73 0 85 28 95 50 89 0 0 0 140 0 57 0 7 6 136 0 0 25 54 148 140 37 30 0 141 14 53 111 0 0 0 0 39 87 141 91 25 16 52 24 0 0 114 120 60 0 0 46 35 129 46 107 0 112 0 15 0 19 0 0 49 46 0 31 0 88 99 57 117 120 3 20 79 54 0 88 90 16 15 42 81 0 131 72 137 88 91 0 65 0 0 0 0 93 94 49 128 130 0 106 83 16 0 42 73 2 0 109 0 0 53 60 41 0 
0 33 68 83 0 29 15 54 56 0 112 74 20 0 0 95 139 147 45 0 0 0 78 112 0 122 85 52 96 120 125 37 120 0 25 5 29 136 77 18 67 106 66 0 132 0 15 107 0 65 37 134 117 28 103 0 9 106 67 0 0 55 0 0 78 0 122 0 0 48 107 148 70 104 0 73 0 4 99 90 89 0 109 52 0 18 0 87 40 94 32 69 0 17 6 117 0 121 111 146 34 0 109 0 108 63 142 102 37 2 58 13 126 6 0 0 120 19 132 35 35 26 33 104 16 119 77 112 121 0 54 49 120 93 104 98 132 113 0 88 0 132 0 0 147 15 0 0 66 97 
0 69 0 0 31 0 74 121 146 131 103 54 0 0 18 60 0 106 40 0 64 0 147 48 122 0 49 0 78 0 121 65 30 9 43 128 136 0 51 0 0 0 0 94 72 0 38 27 132 104 0 0 0 111 97 0 120 32 136 23 98 54 77 0 132 0 0 132 13 110 124 12 0 124 93 80 77 81 27 62 0 127 0 84 23 66 48 22 0 0 22 90 55 145 0 0 0 100 146 21 148 48 0 56 118 90 121 0 107 82 8 0 83 111 84 48 0 95 144 125 13 114 80 0 0 0 0 0 141 0 0 19 0 97 0 0 90 22 6 0 129 0 149 120 126 23 0 81 0 0 
0 126 125 54 143 0 0 0 0 89 0 41 0 59 0 112 96 0 63 126 0 102 28 33 85 49 0 5 121 0 123 0 9 0 30 0 0 32 0 0 130 65 28 25 0 0 94 34 105 144 7 0 147 48 0 132 0 0 0 51 94 15 0 0 70 59 117 107 0 46 0 97 0 0 140 140 95 92 103 0 90 0 142 42 0 0 142 0 8 82 0 0 0 57 115 121 38 0 18 0 74 124 55 140 0 20 0 116 51 61 36 43 3 139 5 89 94 58 39 0 129 71 133 0 149 118 122 0 0 100 0 71 0 0 0 103 0 57 28 77 85 0 143 24 123 68 106 125 125 104 
96 121 71 0 32 85 43 69 136 32 75 142 0 141 0 0 0 42 0 118 144 0 103 1 52 0 5 0 84 39 24 0 0 142 133 0 51 91 0 122 0 8 137 60 148 92 71 39 66 38 0 120 57 10 0 128 72 141 0 0 0 0 0 68 1 129 24 77 138 30 68 123 68 121 3 136 138 12 15 0 46 29 21 0 4 90 143 52 0 85 0 62 0 72 0 31 92 87 0 42 127 83 83 144 103 109 125 149 64 17 149 0 0 0 144 0 0 0 28 0 0 140 37 45 19 0 0 138 65 0 0 147 30 93 0 112 124 143 91 149 0 17 145 3 137 0 141 137 11 144 
0 117 147 34 48 90 0 76 0 0 43 7 104 144 27 148 22 5 30 121 71 0 84 43 96 78 121 84 0 35 128 0 0 55 78 122 14 16 56 29 105 140 0 6 139 110 53 86 0 67 19 43 132 37 72 109 0 111 0 0 0 0 12 0 0 0 84 0 14 125 22 31 96 93 0 65 0 3 17 86 0 0 0 102 144 143 0 143 50 106 105 0 117 0 92 0 59 88 0 126 0 68 37 39 0 35 5 0 0 0 0 113 0 0 91 115 51 138 16 72 86 0 0 141 0 9 0 6 0 0 21 0 144 35 140 143 0 147 76 57 0 0 1 107 19 0 58 26 0 0 
141 94 138 11 46 38 0 59 112 36 64 0 56 15 141 45 73 80 38 68 0 20 8 27 120 0 0 39 35 0 0 16 75 0 85 29 121 0 0 0 0 0 0 0 0 74 0 86 34 72 129 0 91 131 49 46 0 73 19 83 85 48 51 0 124 68 105 3 73 3 66 0 86 101 140 0 106 95 21 4 59 76 105 140 119 0 0 121 144 129 58 0 0 0 8 60 46 62 94 132 110 72 0 0 33 54 0 132 56 102 97 20 38 126 35 0 23 80 46 100 0 0 0 34 0 79 0 0 0 126 50 0 32 149 3 113 5 138 0 119 145 0 52 16 9 0 25 121 133 28 
97 96 0 14 0 19 60 0 0 0 113 104 0 29 15 67 124 0 0 28 0 98 60 145 125 121 123 24 128 0 0 121 0 92 0 0 100 44 0 134 93 0 8 0 0 145 126 9 52 129 0 115 0 10 125 0 124 0 0 136 71 0 97 141 47 138 68 149 89 141 47 119 108 44 102 0 0 100 98 117 100 0 21 0 127 130 41 0 117 64 80 0 72 79 96 0 30 0 36 0 82 33 12 0 0 0 0 0 121 60 143 4 51 79 133 0 92 80 94 17 101 24 105 1 135 0 15 0 24 12 107 105 0 0 70 32 0 113 136 87 74 22 24 1 148 24 99 91 0 0 
103 31 129 0 127 0 0 110 80 31 124 132 0 0 86 107 0 50 50 86 0 118 11 0 37 65 0 0 0 16 121 0 0 95 119 139 28 37 5 84 0 58 34 39 8 21 96 0 18 0 113 38 149 3 0 0 113 85 88 89 84 0 18 28 26 36 139 36 0 129 100 0 0 39 0 25 0 0 0 68 0 129 0 40 127 0 135 35 0 36 1 22 20 0 34 95 0 126 136 44 102 99 0 101 128 88 127 10 0 0 128 0 139 36 23 79 0 6 141 84 0 115 0 0 101 104 103 1 61 103 35 95 133 0 82 0 27 21 0 0 0 47 89 76 55 0 0 97 25 111 
0 124 0 0 102 39 148 0 140 0 140 0 39 67 75 130 2 61 0 68 0 0 0 47 120 30 9 0 0 75 0 0 0 80 101 13 0 0 0 0 0 114 7 0 92 0 133 0 75 51 67 25 130 136 44 71 79 56 0 89 48 63 0 81 46 0 0 92 70 0 91 113 93 89 64 130 66 60 37 0 0 131 29 1 79 119 61 96 0 7 75 17 0 21 60 1 81 74 0 133 0 85 119 104 3 44 0 13 64 0 0 0 15 0 0 0 0 53 0 85 6 0 62 94 35 8 0 43 3 35 96 110 100 0 58 129 0 0 0 10 0 0 0 0 0 55 91 140 0 105 
126 142 0 0 88 0 0 135 143 142 42 121 0 68 39 111 62 15 128 0 0 0 29 54 0 9 0 142 55 0 92 95 80 0 26 0 0 0 31 13 85 98 60 69 130 50 35 0 0 73 114 6 129 31 114 111 86 51 95 0 0 120 38 34 0 99 44 124 24 89 33 137 0 45 51 29 75 10 51 0 119 5 25 87 135 0 127 104 0 145 110 0 102 115 0 0 0 77 86 149 0 61 134 0 56 87 106 19 39 135 90 29 36 101 129 50 137 71 16 47 88 27 0 0 6 57 0 92 75 36 52 0 0 0 102 0 73 0 148 119 116 0 68 0 0 75 131 0 0 81 
0 0 0 0 0 41 0 147 114 4 0 0 0 38 4 112 0 0 0 132 54 24 17 73 25 43 30 133 78 85 0 119 101 26 0 128 20 48 99 32 0 24 130 54 135 56 12 95 0 0 0 35 0 0 85 0 0 0 55 39 55 70 30 0 0 60 49 6 0 0 130 1 35 17 93 0 59 30 0 32 123 79 127 108 127 80 0 0 142 55 59 67 3 0 149 13 0 149 81 29 1 97 102 106 0 109 118 58 94 90 121 27 128 75 0 0 137 80 83 0 70 83 0 136 90 38 110 14 0 39 61 55 0 44 0 0 71 55 0 105 22 10 11 26 92 69 84 0 32 139 
0 47 122 98 0 0 61 0 0 23 60 63 2 36 50 0 112 0 83 36 131 119 147 0 5 128 0 0 122 29 0 139 13 0 128 0 124 0 0 58 0 28 110 2 9 23 120 70 148 0 37 108 55 108 0 0 0 136 58 26 96 119 0 0 116 0 127 147 0 0 44 0 0 34 121 60 144 26 106 113 0 55 1 51 82 0 116 0 0 83 15 53 102 48 17 65 4 0 148 39 128 109 86 32 99 0 99 0 64 0 17 68 0 144 50 0 0 143 78 66 149 17 15 0 120 39 0 0 37 0 0 0 125 0 10 96 3 0 127 0 0 29 0 0 13 115 143 19 0 109 
29 0 0 121 91 0 41 129 113 80 3 67 28 0 93 69 137 41 86 99 0 0 0 85 29 136 0 51 14 121 100 28 0 0 20 124 0 80 91 7 8 0 75 96 102 0 0 20 0 60 130 8 0 13 0 70 33 64 81 7 0 143 37 106 89 0 37 82 10 0 131 96 82 137 102 52 110 126 0 132 106 145 55 143 103 0 0 0 34 136 30 57 110 57 6 68 0 0 0 3 0 33 0 0 139 0 30 143 97 0 0 112 70 92 0 0 0 1 23 0 17 74 101 0 56 31 0 0 0 57 58 58 18 0 144 89 124 112 148 0 129 55 14 80 78 138 87 0 37 58 
0 78 76 0 0 0 27 9 79 98 0 5 45 0 49 15 78 44 2 53 129 78 46 28 136 0 32 91 16 0 44 37 0 0 48 0 80 0 0 71 0 11 65 0 2 67 0 130 54 0 141 79 0 11 0 97 131 129 0 35 0 1 0 0 0 82 0 54 90 0 0 0 102 79 77 126 0 92 110 0 44 127 0 39 145 111 13 93 52 17 99 0 110 22 15 25 147 115 0 12 43 38 65 66 0 143 28 111 130 59 79 15 115 27 106 0 125 22 110 0 70 123 0 83 0 90 0 0 82 0 0 46 96 106 1 15 134 139 111 0 0 109 141 58 35 110 120 94 140 0 
0 0 65 143 44 0 134 0 136 0 143 63 0 16 65 113 52 0 0 53 137 0 0 95 77 51 0 0 56 0 0 5 0 31 99 0 91 0 0 44 63 4 16 4 0 30 0 86 98 90 28 85 147 0 118 107 145 124 136 134 0 21 135 0 113 0 109 82 0 66 0 11 95 141 0 0 36 149 0 0 80 135 90 0 0 23 0 32 115 0 145 148 48 13 0 31 0 53 0 26 109 74 82 0 0 23 96 0 84 0 0 36 0 107 0 57 0 12 0 125 63 0 0 68 0 125 59 43 96 91 104 0 35 101 1 2 0 0 135 46 83 0 0 64 124 0 0 0 29 140 
137 0 0 38 115 2 47 57 1 0 12 119 22 0 0 80 34 112 0 113 87 26 111 50 18 0 0 122 29 0 134 84 0 13 32 58 7 71 44 0 108 0 95 2 0 134 53 0 137 11 0 0 0 55 57 4 67 53 0 0 0 68 132 69 0 0 63 33 117 0 20 15 0 104 97 0 53 34 0 32 0 28 19 132 111 21 0 80 0 0 31 0 78 82 112 96 69 144 124 0 21 16 0 18 1 87 0 34 95 65 126 0 0 147 0 45 63 0 0 0 146 126 101 123 18 140 37 0 0 102 18 115 67 140 75 59 3 0 15 62 138 49 73 7 22 0 67 0 0 39 
52 102 0 80 68 43 94 0 87 0 0 130 48 133 0 42 21 76 0 0 0 14 141 89 67 0 130 0 105 0 93 0 0 85 0 0 8 0 63 108 0 67 121 0 102 6 70 0 0 0 71 38 0 100 125 0 129 13 53 140 56 1 134 126 83 100 0 27 63 37 56 81 111 144 46 123 132 138 0 121 0 0 0 0 61 56 0 104 0 133 38 80 0 2 0 0 0 149 123 137 19 31 0 120 51 0 104 0 33 135 0 0 27 0 138 0 0 26 129 80 0 117 0 78 0 127 34 0 30 19 121 21 83 70 75 0 0 0 81 60 105 143 113 69 0 107 21 29 98 85 
149 0 89 29 113 0 55 32 6 7 83 8 19 113 42 117 0 30 4 102 142 69 0 0 106 0 65 8 140 0 0 58 114 98 24 28 0 11 4 0 67 0 0 148 17 11 106 74 87 31 0 0 69 0 132 39 32 0 0 58 0 36 123 0 119 117 136 17 146 31 55 67 3 96 115 0 112 81 82 0 128 12 27 46 40 0 0 139 92 0 85 5 0 37 27 89 102 81 33 0 137 9 0 39 44 0 34 94 69 0 0 75 73 0 36 118 0 12 121 103 112 0 0 19 86 0 56 144 130 24 20 69 139 38 0 0 125 108 22 123 16 0 141 129 0 107 22 80 0 74 
88 78 96 0 32 119 1 16 0 148 21 35 0 0 137 140 61 136 0 0 93 42 70 0 66 0 28 137 0 0 8 34 7 60 130 110 75 65 16 95 121 0 0 20 73 63 24 17 0 77 49 126 99 0 129 38 135 0 1 144 96 19 0 40 121 104 0 62 119 0 142 95 124 109 138 0 81 40 24 49 1 97 131 0 0 124 0 13 8 44 0 53 0 50 0 74 0 39 21 93 133 120 0 49 0 106 6 105 115 47 129 28 12 144 17 47 80 36 0 0 0 91 118 18 24 0 134 17 92 100 0 0 0 84 147 0 13 0 0 110 0 0 95 94 16 44 0 53 108 50 
90 136 112 69 68 59 109 0 78 0 0 68 82 0 83 0 34 0 17 0 137 104 0 0 0 94 25 60 6 0 0 39 0 69 54 2 96 0 4 2 0 148 20 0 0 0 137 136 44 0 39 97 0 46 37 0 106 5 75 112 0 86 142 0 101 93 115 50 114 117 0 122 0 62 0 51 0 0 82 0 0 0 65 68 0 0 123 51 0 0 0 0 37 46 83 124 134 17 94 88 80 34 147 111 50 130 0 92 43 144 125 117 143 129 135 127 0 0 0 110 4 44 0 134 0 2 39 45 64 60 100 25 8 76 0 129 2 86 0 0 97 34 0 90 142 0 77 140 88 0 
0 0 29 45 127 40 57 44 0 81 63 59 54 86 0 134 0 51 0 115 78 43 0 140 132 72 0 148 139 0 0 8 92 130 135 9 102 2 0 0 102 17 73 0 0 34 3 0 21 0 0 0 0 45 54 52 0 58 23 15 78 56 124 61 13 0 129 0 143 0 5 88 122 28 0 0 117 0 72 85 98 115 141 0 86 134 0 0 123 0 103 38 19 0 52 93 119 54 0 89 6 0 132 86 148 107 80 0 0 104 49 91 0 43 83 0 67 52 21 0 0 43 64 5 122 123 75 149 0 116 0 28 0 0 0 114 115 0 86 124 22 0 6 0 96 115 100 124 96 89 
141 113 128 130 2 118 84 62 53 130 37 58 55 104 84 133 0 65 72 0 90 9 132 0 0 0 0 92 110 74 145 21 0 50 56 23 0 67 30 134 6 11 63 0 34 0 62 50 77 0 120 16 31 0 0 107 76 16 0 53 0 0 58 102 24 50 16 22 36 0 0 32 76 82 0 101 0 129 0 61 0 68 42 12 0 0 108 17 134 0 0 0 118 79 40 61 46 94 0 0 28 66 0 93 46 119 0 137 51 37 15 0 29 0 104 30 0 0 84 145 0 91 57 74 0 0 23 81 0 0 0 28 91 118 138 11 76 0 0 0 139 24 0 77 96 100 37 4 0 17 
80 0 0 0 86 107 130 106 29 0 24 62 0 40 74 0 53 124 0 140 0 19 59 57 15 38 94 71 53 0 126 96 133 35 12 120 0 0 0 53 70 106 24 137 3 62 0 28 37 0 70 5 129 77 31 111 59 149 0 23 0 14 102 56 0 0 117 104 0 51 0 0 15 133 114 48 0 46 76 137 43 0 29 142 70 45 0 0 124 0 0 39 34 112 0 149 0 101 32 67 99 127 140 13 37 0 0 0 93 0 103 68 44 0 70 0 25 0 105 100 3 46 118 66 69 59 14 77 119 41 111 0 15 95 46 42 12 62 62 120 129 142 99 92 7 102 0 0 138 112 
132 104 0 143 114 115 0 0 25 20 67 0 133 35 109 0 57 1 9 0 87 114 66 0 107 27 34 39 86 86 9 0 0 0 95 70 20 130 86 0 0 74 17 136 0 50 28 0 78 64 107 98 0 0 9 0 63 20 89 59 43 0 0 116 14 61 117 0 0 110 36 1 0 34 0 93 14 129 0 4 148 0 142 92 60 63 0 38 28 136 67 0 94 0 41 21 141 15 67 0 0 121 31 83 140 0 0 106 98 37 113 0 49 134 2 31 0 116 24 0 0 0 103 30 110 27 0 0 70 129 55 131 0 116 28 75 82 54 57 0 100 126 35 115 115 2 109 99 8 63 
60 74 0 121 91 131 76 0 0 14 112 100 119 0 0 23 0 0 121 114 50 5 87 7 0 132 105 66 0 34 52 18 75 0 0 148 0 54 98 137 0 87 0 44 21 77 37 78 0 122 0 0 0 19 147 63 0 0 0 28 0 43 6 0 93 69 0 137 0 75 36 116 51 0 0 143 64 23 88 40 145 85 59 0 0 59 122 12 134 87 86 25 0 82 119 136 124 100 0 130 116 44 0 51 84 130 90 0 53 0 0 5 139 6 40 69 4 78 60 95 54 0 50 75 126 0 60 27 0 0 126 40 70 21 132 0 69 118 93 34 0 131 0 0 39 0 0 138 107 0 
120 8 0 134 0 0 31 0 76 4 86 0 26 41 136 14 55 70 0 2 73 0 5 6 65 104 144 38 67 72 129 0 51 73 0 0 60 0 90 11 0 31 77 0 0 0 0 64 122 0 106 134 95 0 77 0 72 96 6 0 118 0 58 0 0 128 0 106 20 107 101 94 0 113 109 0 118 67 0 76 0 132 30 120 0 70 100 0 0 47 0 78 96 78 120 22 0 40 0 0 40 0 109 67 0 0 0 56 38 0 0 0 17 48 4 0 0 0 90 115 88 129 55 90 16 26 62 98 142 22 95 28 0 114 68 145 39 105 26 0 108 0 118 34 55 44 0 141 83 33 
24 143 72 128 83 0 0 68 68 62 67 0 114 103 73 0 0 0 77 67 133 0 33 136 37 0 7 0 19 129 0 113 67 114 0 37 130 141 28 0 71 0 49 39 0 120 70 107 0 106 0 2 110 108 133 33 20 42 0 123 0 96 147 88 27 35 0 111 0 80 54 124 82 74 43 67 33 0 0 134 0 0 78 0 71 134 0 39 69 0 46 33 81 50 0 29 127 0 143 97 11 113 6 53 59 97 107 0 0 58 144 82 0 15 0 0 131 91 25 35 0 144 23 93 0 32 0 35 77 64 39 0 128 0 147 59 62 106 141 47 126 120 0 38 128 68 33 0 94 89 
14 25 75 30 0 53 6 50 147 104 58 146 23 58 0 133 46 0 132 0 109 87 102 0 134 0 0 120 43 0 115 38 25 6 35 108 8 79 85 0 38 0 126 97 0 16 5 98 0 134 2 0 0 5 127 0 81 8 32 0 140 46 18 146 17 34 138 144 59 18 10 0 29 6 54 105 5 0 35 10 0 0 6 53 65 0 0 0 102 27 41 2 20 0 105 2 0 73 0 46 122 5 31 13 0 39 0 107 0 0 0 0 52 36 0 100 38 41 120 65 101 0 22 0 17 0 115 0 24 121 43 1 17 0 142 75 142 0 4 0 89 64 0 110 0 65 34 121 0 0 
0 0 114 83 141 0 13 42 69 129 103 84 131 0 112 0 0 146 0 21 8 0 129 0 117 0 147 57 132 91 0 149 130 129 0 55 0 0 147 0 0 69 99 0 0 31 129 0 0 95 110 0 0 0 34 0 101 0 120 77 0 0 101 90 93 146 6 135 17 108 74 134 100 119 99 47 136 72 0 146 81 137 40 0 0 92 0 136 46 9 0 70 0 81 147 123 120 26 0 148 0 0 13 65 0 72 0 35 5 139 53 0 0 2 0 10 3 29 0 79 0 105 63 0 0 103 62 109 32 148 0 0 0 81 0 103 0 27 78 21 101 0 0 131 15 0 0 139 99 122 
62 0 67 0 117 10 106 27 0 0 58 35 117 86 0 58 36 0 0 0 33 37 0 25 28 111 48 10 37 131 10 3 136 31 0 108 13 11 0 55 100 0 0 46 45 0 77 0 19 0 108 5 0 0 88 0 100 0 81 0 148 0 148 56 0 103 140 87 0 0 0 70 25 0 6 0 148 0 118 145 68 134 146 47 0 38 70 0 36 131 0 107 19 0 0 36 0 0 94 13 0 7 82 70 30 0 0 27 147 108 13 0 145 10 120 60 132 3 78 98 0 0 18 0 61 123 0 143 5 49 70 91 117 56 57 83 43 52 0 91 140 145 55 0 126 15 0 70 125 0 
59 0 0 0 64 50 36 121 92 64 44 29 0 0 0 12 0 105 57 0 10 0 48 54 103 97 0 0 72 49 125 0 44 114 85 0 0 0 118 57 125 132 129 37 54 0 31 9 147 77 133 127 34 88 0 69 10 0 48 120 41 0 0 0 0 75 23 148 24 91 116 0 114 52 13 13 0 128 94 22 71 76 0 86 49 23 21 0 80 60 0 46 45 0 0 30 47 20 2 0 0 35 142 0 0 110 105 2 147 0 145 112 0 5 5 10 0 66 136 0 0 77 145 74 0 0 0 0 7 67 53 2 0 0 0 32 0 148 0 120 20 10 0 109 0 0 67 87 141 0 
144 15 0 0 138 136 41 65 56 100 0 0 140 0 127 0 82 0 118 1 0 101 0 148 0 0 132 128 109 46 0 0 71 111 0 0 70 97 107 4 0 39 38 0 52 107 111 0 63 0 33 0 0 0 69 0 31 0 144 22 0 146 0 129 34 146 139 0 44 0 35 112 29 50 0 122 0 52 0 37 0 115 116 39 0 111 17 0 95 25 91 81 0 107 148 38 32 85 0 69 53 87 0 58 112 75 96 0 78 0 108 73 108 55 0 60 75 66 76 92 0 59 0 81 0 115 112 0 101 85 0 13 45 0 136 12 0 62 118 94 108 147 54 64 16 0 0 103 19 47 
39 108 115 38 19 0 0 0 0 0 0 79 12 46 0 0 0 107 88 69 122 33 144 140 9 120 0 72 0 0 124 113 79 86 0 0 33 131 145 67 129 32 135 106 0 76 59 63 0 72 20 81 101 100 10 31 0 113 110 0 10 58 145 98 74 0 103 96 0 39 0 54 0 0 0 68 113 47 2 33 0 41 133 0 137 0 0 120 93 52 143 93 132 0 105 134 26 0 0 121 28 128 98 20 113 12 37 59 134 79 0 0 0 9 19 0 132 19 0 127 30 3 126 44 0 87 73 147 61 0 0 145 108 23 0 16 89 0 0 125 0 0 36 3 148 0 145 24 87 79 
0 0 17 73 0 111 22 0 67 142 27 0 17 0 0 104 98 145 80 0 0 0 97 37 106 32 0 141 111 73 0 85 56 51 0 136 64 129 124 53 13 0 0 5 58 16 149 20 0 96 42 8 0 0 0 0 113 0 137 103 0 4 52 56 119 74 3 0 148 0 6 143 54 147 89 95 78 37 144 107 80 0 50 0 0 0 99 0 101 0 107 74 3 83 105 62 93 80 37 0 10 94 79 127 81 0 0 66 115 76 0 23 0 22 142 104 129 0 82 29 45 43 75 101 133 73 0 127 0 10 0 39 129 129 25 84 77 139 33 23 69 0 0 133 70 0 117 49 96 0 
77 79 17 3 117 0 75 90 34 0 126 0 107 0 47 116 120 132 56 0 57 0 35 30 67 136 0 0 0 19 0 88 0 95 55 58 81 0 136 0 53 0 1 75 23 0 0 89 0 6 0 32 120 81 48 144 110 137 0 0 148 0 54 106 0 6 31 103 107 55 0 0 0 69 63 110 3 133 87 0 84 57 38 0 74 18 0 79 122 58 32 60 98 0 95 60 78 12 120 109 3 97 75 0 0 0 101 38 94 93 136 0 0 149 0 47 102 0 0 0 46 98 0 48 0 0 33 0 0 6 133 10 0 90 20 110 55 125 102 46 0 92 0 0 25 16 17 21 112 134 
24 83 132 0 40 106 146 136 85 33 81 89 42 18 108 71 54 113 0 109 55 115 0 0 0 23 51 0 0 83 136 89 89 0 39 26 7 35 134 0 140 58 144 112 15 53 23 59 28 0 123 0 77 0 120 22 0 103 0 0 18 36 109 143 0 58 105 0 104 23 18 7 88 147 41 123 99 80 147 0 0 61 136 132 125 62 134 0 3 147 0 75 4 0 0 97 66 140 49 0 132 110 53 4 0 0 0 104 0 37 90 52 15 0 0 8 0 97 115 0 132 0 117 0 0 52 105 92 49 97 134 59 31 52 104 0 0 57 6 47 28 0 141 87 96 0 139 26 21 40 
0 14 112 89 113 80 133 105 35 118 34 137 84 84 0 148 4 9 132 59 76 71 0 141 0 98 94 0 0 85 71 84 48 0 55 96 0 0 0 0 56 0 96 0 78 0 0 43 0 118 0 140 0 148 41 0 10 0 148 18 0 29 0 51 0 0 131 139 0 7 125 65 120 22 69 19 107 0 0 32 0 76 129 102 69 94 61 0 131 22 52 125 147 0 0 119 32 37 0 6 0 79 24 33 105 85 0 51 0 37 0 0 0 14 69 123 0 112 0 41 7 136 135 2 65 0 0 22 138 72 15 110 49 7 89 0 0 147 144 0 124 9 0 134 11 4 92 29 139 142 
93 146 43 133 42 0 115 0 4 0 43 71 88 87 57 13 103 0 106 0 0 86 79 14 55 54 15 0 0 48 0 0 63 120 70 119 143 1 21 68 1 36 19 86 56 0 14 0 43 0 96 46 0 0 0 146 58 4 0 36 29 0 127 14 76 0 20 10 0 0 68 0 86 61 0 29 109 0 48 70 90 62 119 0 139 0 77 85 15 0 90 100 0 67 82 0 0 144 121 0 123 0 35 0 41 0 46 57 61 0 0 0 108 105 67 0 34 73 0 143 0 26 13 101 51 12 84 111 24 117 115 12 26 0 86 0 20 2 43 0 133 0 64 0 79 0 79 79 0 29 
0 0 7 140 128 138 4 37 109 105 138 106 105 65 60 59 61 53 45 13 0 93 0 53 0 77 0 0 12 51 97 18 0 38 30 0 37 0 135 132 134 123 0 142 124 58 102 0 6 58 147 18 101 148 0 0 145 52 54 109 0 127 0 85 0 0 0 0 43 9 0 6 97 12 0 70 0 127 0 55 68 0 0 0 42 76 0 111 0 0 11 9 0 0 141 117 54 0 0 138 20 42 0 0 108 122 0 129 0 41 0 0 101 34 0 115 128 24 109 78 128 51 143 39 3 57 15 0 0 0 76 95 126 80 63 0 101 0 20 0 142 147 112 0 0 83 0 108 139 46 
1 76 0 0 100 0 122 0 0 77 0 131 126 129 102 9 0 136 88 96 59 0 40 111 0 0 0 68 0 0 141 28 81 34 0 0 106 0 0 69 126 0 40 0 61 102 56 116 0 0 88 146 90 56 0 129 98 56 106 143 51 14 85 0 0 59 74 21 21 119 0 0 0 17 0 54 106 0 15 0 45 108 100 0 135 138 85 120 86 0 0 68 0 0 36 0 129 27 40 89 91 21 89 0 0 64 2 126 117 0 1 125 117 141 0 93 13 126 0 0 136 14 2 0 4 66 62 84 43 139 12 0 0 0 106 0 0 12 0 93 0 147 125 8 0 0 34 0 53 14 
0 0 13 20 54 139 45 5 101 91 117 53 105 0 10 38 42 148 23 72 70 28 0 0 78 132 70 1 0 124 47 26 46 0 0 116 89 0 113 0 83 119 121 101 13 24 0 14 93 0 27 17 93 0 0 34 74 119 0 0 0 76 0 0 0 0 0 12 89 106 140 44 31 0 28 15 70 0 2 0 6 99 0 62 73 0 0 12 0 101 106 17 0 0 0 0 17 2 33 58 78 0 0 43 108 0 0 67 72 0 67 71 0 83 0 0 14 0 143 66 24 41 0 0 89 0 75 0 116 79 0 0 109 0 31 88 0 15 18 8 0 80 0 0 130 70 10 0 15 33 
59 92 80 95 60 53 0 0 78 38 6 0 34 0 65 6 0 0 134 140 81 135 97 0 0 0 59 129 0 68 138 36 0 99 60 0 0 82 0 0 100 117 104 93 0 50 0 61 69 128 35 34 146 103 75 146 0 74 6 58 0 0 0 59 0 0 93 52 0 79 0 0 108 74 0 94 0 0 0 0 57 141 8 138 146 42 61 134 109 96 5 0 0 99 0 26 119 0 32 41 17 0 128 82 84 59 0 121 0 0 3 137 80 92 0 53 115 21 52 31 52 16 0 50 0 13 92 138 112 27 92 33 51 0 87 15 0 126 72 11 15 110 0 141 20 0 116 0 0 97 
101 81 98 132 37 81 0 12 140 90 124 129 0 148 0 0 104 1 0 0 0 43 0 0 122 0 117 24 84 105 68 139 0 44 49 127 37 0 109 63 0 136 0 115 129 16 117 117 0 0 0 138 6 140 23 139 103 3 31 105 131 20 0 74 0 93 0 0 56 30 0 0 90 117 81 4 51 10 130 89 48 23 57 137 17 84 4 116 103 58 145 8 125 99 56 120 143 96 0 0 45 36 27 40 86 139 127 0 136 0 30 39 85 80 0 100 0 106 0 0 104 42 64 0 0 21 109 55 63 137 0 0 0 46 103 103 99 0 93 23 20 54 28 0 18 128 0 124 0 81 
0 102 0 78 0 113 0 21 22 131 126 0 1 84 41 0 11 38 124 73 0 0 0 0 0 132 107 77 0 3 149 36 92 124 6 147 82 54 82 33 27 17 62 50 0 22 104 0 137 106 111 144 135 87 148 0 96 0 103 0 139 10 0 21 12 52 0 0 112 0 19 0 87 105 61 0 0 0 21 0 71 111 129 0 35 5 0 8 0 110 134 70 72 0 9 0 60 0 0 36 145 67 0 0 137 0 47 64 41 1 29 81 97 0 36 106 112 65 0 45 0 66 0 144 118 0 0 115 0 105 146 129 0 14 72 0 0 0 43 136 0 133 87 77 84 138 0 2 0 69 
47 93 121 24 20 48 0 113 116 0 57 106 0 0 120 0 95 136 0 17 70 133 50 39 0 13 0 138 14 73 89 0 70 24 0 0 10 90 0 117 63 146 119 114 143 36 0 0 0 20 0 59 17 0 24 44 0 148 107 104 0 0 43 21 89 0 56 112 0 94 0 56 0 0 0 100 29 71 0 17 0 0 22 146 23 27 0 137 0 64 0 0 0 8 135 0 18 0 9 0 98 93 40 132 129 96 137 0 10 147 27 70 92 126 0 5 0 0 66 35 119 0 0 0 7 65 20 93 0 135 0 15 146 0 11 149 18 51 0 88 58 64 129 144 71 0 75 80 0 0 
113 0 87 32 0 147 134 142 142 34 110 18 36 0 0 0 117 0 0 0 0 0 0 87 48 110 46 30 125 3 141 129 0 89 0 0 0 0 66 0 37 31 0 117 0 0 51 110 75 107 80 18 108 0 91 0 39 0 55 23 7 0 9 119 106 79 30 0 94 0 103 131 0 108 0 0 23 126 51 23 78 127 121 143 137 8 135 56 140 135 45 0 77 4 23 95 81 0 34 57 0 0 24 103 24 103 144 118 129 48 0 31 82 5 0 38 59 27 0 0 56 9 31 0 0 9 0 102 144 146 121 0 146 45 122 0 90 38 0 46 81 0 145 51 0 107 0 0 41 146 
87 28 0 58 0 0 86 0 69 0 91 0 52 104 110 42 132 0 122 93 145 130 106 141 107 124 0 68 22 66 47 100 91 33 130 44 131 0 0 20 56 55 142 0 5 0 0 36 36 101 54 10 74 0 116 35 0 6 0 18 125 68 0 0 140 0 0 19 0 103 0 0 0 0 27 5 13 126 0 0 130 144 142 0 94 103 119 101 7 0 114 46 142 0 0 16 0 57 149 0 54 17 98 28 45 0 0 0 0 0 108 0 86 0 0 44 0 0 77 53 0 58 44 82 0 0 0 18 100 3 92 69 0 84 141 131 91 0 0 0 0 125 92 89 0 76 0 68 31 114 
90 0 0 0 77 122 32 72 25 57 115 0 123 0 67 29 97 101 46 0 100 0 25 91 148 12 97 123 31 0 119 0 113 137 1 0 96 0 11 15 81 67 95 122 88 32 0 1 116 94 124 0 134 70 0 112 54 143 0 7 65 0 6 0 44 0 0 0 56 131 0 0 61 86 123 43 113 0 67 33 57 35 127 147 76 58 0 0 75 75 122 15 27 100 19 0 51 80 51 71 0 0 92 0 118 12 43 25 81 35 0 0 57 119 77 14 60 9 7 58 80 147 116 0 21 56 115 0 149 17 127 0 82 31 0 133 0 55 18 140 121 86 0 0 0 0 149 71 99 78 
0 139 0 70 0 22 0 126 0 123 38 109 93 0 2 52 0 130 2 53 70 38 0 25 70 0 0 68 96 86 108 0 93 0 35 0 82 102 95 0 111 3 124 0 122 76 15 0 51 0 82 29 100 25 114 29 0 54 0 88 120 86 97 0 31 108 90 87 0 0 0 61 0 44 0 51 62 0 113 44 50 0 0 0 126 101 105 0 125 134 88 43 87 0 110 130 56 20 123 117 0 0 0 119 54 0 0 121 37 0 106 0 57 3 0 77 21 0 62 0 142 148 0 49 0 106 0 0 0 0 0 104 93 73 100 74 124 94 135 50 0 0 134 130 111 43 144 88 28 53 
138 0 142 143 125 114 86 0 0 115 30 33 63 126 46 0 120 0 104 132 145 0 0 16 104 124 0 121 93 101 44 39 89 45 17 34 137 79 141 104 144 96 109 62 28 82 133 34 0 113 74 6 119 0 52 50 0 147 69 147 22 61 12 17 0 74 117 105 0 108 0 86 44 0 127 136 41 0 0 0 0 0 104 0 11 0 73 0 0 0 46 0 100 93 119 23 68 0 15 0 0 91 0 140 0 0 47 148 39 144 0 30 86 120 105 0 98 0 139 39 100 142 85 137 61 27 113 132 0 107 0 60 15 4 136 16 149 0 45 41 0 0 22 0 0 0 0 1 0 42 
69 47 51 51 0 25 87 5 143 120 0 29 5 89 70 24 0 14 127 0 142 35 0 52 0 93 140 3 0 140 102 0 64 51 93 121 102 77 0 97 46 115 138 0 0 0 114 0 0 109 43 54 99 6 13 0 0 89 63 41 69 0 0 0 28 0 81 61 0 0 27 123 0 127 0 107 122 88 0 10 70 85 0 93 0 58 99 45 142 0 24 0 100 53 82 0 74 0 41 76 0 0 105 133 0 123 0 24 25 97 81 73 0 0 9 116 62 23 0 0 0 0 0 0 102 49 0 19 26 0 141 0 0 0 10 117 0 0 0 0 0 0 0 24 10 15 24 21 50 9 
0 41 22 0 13 7 38 78 75 0 112 17 0 123 71 75 0 144 0 0 31 1 0 24 73 80 140 136 65 0 0 25 130 29 0 60 52 126 0 0 123 0 0 51 0 101 48 93 143 0 67 105 47 0 13 122 68 95 110 123 19 29 70 54 15 94 4 0 100 0 5 43 51 136 107 0 64 0 112 0 30 98 59 37 0 47 41 62 42 107 0 49 144 90 68 129 134 80 0 145 126 0 0 42 121 74 98 0 0 94 61 94 0 56 108 0 0 63 0 12 130 10 44 0 0 116 1 86 64 137 64 0 26 15 1 149 0 0 0 5 81 136 0 18 64 0 128 92 0 6 
0 124 98 0 133 45 146 0 0 121 74 4 81 116 0 29 96 0 0 43 0 0 139 0 0 77 95 138 0 106 0 0 66 75 59 144 110 0 36 53 132 112 81 0 117 0 0 14 64 118 33 5 136 148 0 0 113 78 3 99 107 109 0 106 70 0 51 0 29 23 13 113 62 41 122 64 0 33 0 116 95 31 0 101 55 14 5 0 137 124 109 107 129 149 0 101 69 135 69 0 117 124 102 0 30 0 89 10 64 108 27 118 60 0 146 13 115 22 59 0 48 137 101 0 146 0 0 69 0 113 0 32 18 6 81 0 128 9 0 7 99 137 0 112 60 0 0 12 73 0 
121 0 54 108 126 108 117 37 138 0 82 66 113 144 22 139 0 0 8 109 119 125 0 0 4 81 92 12 3 95 100 0 60 10 30 26 126 92 149 34 138 81 40 0 0 129 46 129 23 67 0 0 72 0 128 52 47 37 133 80 0 0 127 0 0 0 10 0 71 126 126 0 0 0 88 0 33 0 0 135 33 0 0 63 0 0 135 109 0 4 137 114 0 12 0 56 71 50 86 48 0 0 0 111 0 127 0 15 119 0 67 61 56 76 117 127 89 27 0 11 89 115 54 134 130 106 30 42 65 0 90 0 34 87 101 45 37 47 0 50 23 0 112 130 140 42 0 115 44 0 
83 67 18 0 145 66 0 0 124 13 0 51 83 0 128 132 100 87 137 29 0 0 85 114 99 27 103 15 17 21 98 0 37 51 0 106 0 110 0 0 0 82 24 82 72 0 76 0 88 0 0 35 0 118 94 0 2 144 87 147 0 48 0 15 2 0 130 21 0 51 0 67 113 0 0 112 0 0 0 25 0 53 6 0 91 0 54 61 122 0 96 78 0 63 66 98 51 129 0 93 0 116 49 97 49 55 34 11 30 53 64 0 0 60 37 0 7 58 16 81 33 0 98 134 135 116 0 0 25 90 122 123 0 0 0 0 26 92 110 116 12 38 19 0 133 0 63 144 0 0 
51 0 113 7 0 134 0 58 124 0 69 93 109 55 0 51 119 13 61 0 60 101 53 120 90 62 0 0 86 4 117 68 0 0 32 113 132 0 0 32 121 0 49 0 85 61 137 4 40 76 134 10 146 145 22 37 33 107 0 0 32 70 55 0 0 0 89 0 17 23 0 33 44 0 10 0 116 135 25 0 29 132 0 0 0 0 81 95 0 88 0 33 0 0 122 132 59 12 0 73 0 141 27 56 72 0 8 66 0 0 21 143 72 0 0 0 39 114 0 0 29 113 110 78 0 130 33 133 16 48 39 139 0 139 0 30 17 124 0 0 0 116 1 0 0 123 52 75 141 22 
10 0 47 0 61 44 58 5 95 127 0 45 0 26 124 90 50 76 119 117 54 66 67 60 89 0 90 46 0 59 100 0 0 119 123 0 106 44 80 0 0 128 1 0 98 0 43 148 145 0 0 0 81 68 71 0 0 80 84 0 0 90 68 45 6 57 48 71 0 78 130 57 50 0 70 30 95 33 0 29 0 58 0 105 140 133 0 18 100 64 0 0 21 0 0 0 0 88 104 145 42 52 0 0 25 63 9 42 0 142 128 0 87 39 126 39 0 123 57 72 46 0 135 46 57 34 7 142 146 129 0 5 133 39 75 133 132 12 0 42 84 53 118 99 34 19 141 0 68 0 
32 107 54 98 100 0 0 103 119 0 107 101 1 116 24 46 0 0 138 34 149 0 0 0 0 127 0 29 0 76 0 129 131 5 79 55 145 127 135 28 0 12 97 0 115 68 0 0 85 132 0 0 137 134 76 115 41 0 57 61 76 62 0 108 99 141 23 111 0 127 144 35 0 0 85 98 31 0 53 132 58 0 33 92 26 42 0 0 145 37 8 131 115 0 39 23 67 23 0 0 0 0 0 11 27 64 0 0 0 22 57 0 58 0 143 11 94 79 138 133 140 69 141 0 95 24 143 87 0 36 90 0 96 92 102 139 0 131 85 21 0 47 146 113 79 113 0 70 144 0 
98 118 0 79 37 146 104 35 0 0 77 94 84 63 10 48 44 0 15 76 0 38 0 0 109 0 142 21 0 105 21 0 29 25 127 1 55 0 90 19 0 27 131 65 141 42 29 142 59 30 78 6 40 146 0 116 133 50 38 136 129 119 0 100 0 8 57 129 22 121 142 127 0 104 0 59 0 0 6 0 0 33 0 38 0 8 21 0 0 68 85 16 0 145 0 142 0 143 0 134 93 0 2 67 0 70 0 0 12 0 0 13 127 0 97 62 0 70 0 0 112 85 40 0 0 0 127 0 146 0 139 0 92 0 133 44 0 0 5 128 2 45 145 119 81 47 82 9 90 90 
0 113 86 0 8 10 148 38 6 0 46 117 75 0 110 106 93 6 106 0 122 50 100 46 52 84 42 0 102 140 0 40 1 87 108 51 143 39 0 132 0 46 0 68 0 12 142 92 0 120 0 53 0 47 86 39 0 0 0 132 102 0 0 0 62 138 137 0 146 143 0 147 0 0 93 37 101 63 0 0 105 92 38 0 20 100 32 100 0 0 0 113 5 0 0 0 127 23 0 24 0 0 0 0 13 0 12 0 27 131 83 76 16 0 79 0 0 145 0 0 25 6 48 107 64 0 110 0 95 69 2 0 0 71 115 0 145 0 15 2 101 0 0 120 148 107 44 0 64 77 
143 0 0 83 103 78 23 106 36 120 0 0 0 51 0 0 115 19 0 72 52 84 53 35 0 23 0 4 144 119 127 127 79 135 127 82 103 145 0 111 61 40 0 0 86 0 70 60 0 0 71 65 0 0 49 0 137 0 74 125 69 139 42 135 73 146 17 35 23 137 94 76 126 11 0 0 55 0 91 0 140 26 0 20 0 3 0 110 123 85 95 6 55 4 131 141 90 76 114 6 141 29 0 107 80 0 105 76 0 117 57 90 9 84 21 0 40 0 61 101 141 42 116 62 0 98 92 78 108 64 67 98 1 124 0 64 133 0 105 4 0 0 129 55 60 0 0 0 99 30 
23 0 73 98 51 116 13 0 39 15 63 131 87 126 48 1 80 0 38 122 36 19 0 129 18 66 0 90 143 0 130 0 119 0 80 0 0 111 23 21 56 0 124 0 134 0 45 63 59 70 134 0 92 38 23 111 0 0 18 62 94 0 76 138 0 42 84 5 27 8 103 58 101 0 58 47 14 0 0 0 133 42 8 100 3 0 131 42 0 35 0 0 0 0 0 36 2 118 0 81 36 49 148 0 0 47 18 10 0 120 124 0 40 0 129 28 99 0 135 0 82 101 121 93 19 137 95 83 0 99 90 63 0 131 0 0 0 0 16 100 74 122 0 53 44 61 0 112 44 126 
25 115 26 112 30 5 31 28 127 0 146 123 2 0 95 0 2 131 128 53 92 0 118 46 0 48 142 143 0 0 41 135 61 127 0 116 0 13 0 0 0 0 0 123 0 108 0 0 122 100 0 0 0 70 21 17 0 99 0 134 61 77 0 85 0 61 4 0 0 135 119 0 105 73 99 41 5 135 54 81 0 0 21 32 0 131 0 0 0 58 137 148 46 135 0 126 0 141 10 40 36 0 109 0 60 87 65 0 144 0 0 93 104 73 63 0 28 93 57 0 56 63 29 0 65 141 0 104 0 0 0 0 88 0 0 0 116 20 74 0 74 2 0 38 135 0 0 0 47 122 
82 33 23 112 92 87 0 46 62 43 117 127 22 131 129 149 87 41 78 87 0 12 60 107 87 22 0 52 143 121 0 35 96 104 0 0 0 93 32 80 104 139 13 51 0 17 0 38 12 0 39 0 136 0 0 0 120 0 79 0 0 85 111 120 12 134 116 8 137 56 101 0 0 0 45 62 0 109 61 95 18 0 0 100 110 42 0 0 126 0 75 0 112 0 0 62 53 97 0 82 125 16 80 0 97 0 141 77 0 0 139 0 0 135 24 0 124 71 30 24 0 104 125 139 61 91 128 121 110 145 139 100 8 60 12 91 102 49 23 0 57 0 127 0 0 116 143 142 113 108 
145 0 4 134 145 1 8 128 113 0 0 18 26 92 0 82 148 7 0 53 122 0 145 0 40 0 8 0 50 144 117 0 0 0 142 0 34 52 115 0 0 92 8 0 123 134 124 28 134 0 69 102 46 36 80 95 93 101 122 3 131 15 0 86 0 109 103 0 0 140 7 75 125 0 142 42 137 0 122 0 100 145 0 0 123 0 0 126 0 142 0 0 0 146 72 0 0 115 127 0 104 33 39 0 124 0 0 0 14 69 12 28 145 77 73 145 0 0 114 45 142 31 96 100 0 138 0 112 0 141 0 128 122 134 116 4 69 0 68 0 92 149 133 20 149 0 48 22 40 97 
148 0 68 37 23 0 70 142 27 103 146 16 0 51 25 97 0 28 72 0 89 39 23 112 94 0 82 85 106 129 64 36 7 145 55 83 136 17 0 0 133 0 44 0 0 0 0 136 87 47 0 27 9 131 60 25 52 0 58 147 22 0 0 0 101 96 58 110 64 135 0 75 134 0 0 107 124 4 0 88 64 37 68 0 85 35 58 0 142 0 51 46 56 0 0 0 0 0 20 0 145 122 18 0 89 99 132 72 0 100 22 0 117 0 80 18 39 115 52 121 136 49 0 17 87 55 42 15 0 98 0 84 20 0 62 0 0 113 84 109 79 0 122 0 0 0 0 56 0 0 
26 0 0 0 85 43 104 0 39 0 129 86 19 0 125 10 127 142 144 0 35 0 0 0 32 22 0 0 105 58 80 1 75 110 59 15 30 99 145 31 38 85 0 0 103 0 0 67 86 0 46 41 0 0 0 91 143 107 32 0 52 90 11 0 106 5 145 134 0 45 114 122 88 46 24 0 109 137 96 0 0 8 85 0 95 0 137 75 0 51 0 39 0 9 0 0 0 0 0 59 84 141 38 144 143 34 15 0 39 0 66 12 70 96 73 142 60 15 21 148 108 126 80 19 0 16 0 21 149 0 0 0 117 0 0 0 4 0 34 3 19 0 84 0 41 128 148 107 140 38 
76 121 74 123 51 14 40 77 7 96 7 87 5 149 149 0 0 0 69 55 44 0 67 15 69 90 0 62 0 0 0 22 17 0 67 53 57 0 148 0 80 5 53 0 38 0 39 0 25 78 33 2 70 107 46 81 93 74 60 75 125 100 9 68 17 0 8 70 0 0 46 15 43 0 0 49 107 114 78 33 0 131 16 113 6 0 148 0 0 46 39 0 39 56 53 0 0 19 103 0 18 43 0 0 0 67 72 0 133 0 118 75 0 76 0 135 73 92 70 96 117 0 64 68 85 6 15 61 116 58 95 0 129 0 63 125 54 87 0 30 1 0 113 131 60 35 143 41 37 23 
68 0 44 23 103 46 0 0 51 0 16 22 45 0 146 146 41 7 28 16 108 140 27 0 0 55 0 0 117 0 72 20 0 102 3 102 110 110 48 78 0 0 0 37 19 118 34 94 0 96 81 20 0 19 45 0 132 3 98 4 147 0 0 0 0 0 125 72 0 77 142 27 87 100 100 144 129 0 0 0 21 115 0 5 55 0 46 112 0 56 0 39 0 40 0 0 0 74 69 28 8 102 64 84 33 106 0 120 14 0 0 0 0 0 133 43 0 0 0 54 76 0 0 70 111 0 120 111 137 131 47 21 102 49 139 0 0 0 37 0 42 141 10 0 92 49 0 75 0 0 
7 134 0 42 8 0 92 0 57 0 10 81 53 70 5 100 0 56 64 130 109 65 89 19 17 145 57 72 0 0 79 0 21 115 0 48 57 22 13 82 2 37 50 46 0 79 112 0 82 78 50 0 81 0 0 107 0 83 0 0 0 67 0 0 0 99 99 0 8 4 0 100 0 93 53 90 149 12 63 0 0 0 145 0 4 0 135 0 146 0 9 56 40 0 0 22 8 119 135 16 96 64 0 0 104 0 11 68 34 83 0 82 101 70 135 58 0 0 75 0 0 138 137 31 0 64 0 60 98 132 72 43 145 0 15 0 77 0 146 40 0 11 15 41 72 126 29 84 107 92 
100 83 0 118 11 41 0 142 0 102 0 55 87 0 0 70 13 1 66 0 24 61 71 0 6 0 115 0 92 8 96 34 60 0 149 17 6 15 0 112 0 27 0 83 52 40 0 41 119 120 0 105 147 0 0 148 105 105 95 0 0 82 141 36 0 0 56 9 135 23 0 19 110 119 82 68 0 0 66 122 0 39 0 0 131 0 0 0 72 0 0 53 0 0 0 66 0 0 119 37 0 60 49 0 23 50 87 15 48 0 4 0 0 102 0 68 23 87 0 3 0 134 40 95 68 0 127 45 70 0 54 1 147 136 0 132 111 0 107 70 22 0 65 130 30 61 0 81 38 39 
144 0 109 19 135 60 105 0 30 8 87 26 0 69 0 16 38 14 63 0 63 0 118 0 117 0 121 31 0 60 0 95 1 0 13 65 68 25 31 96 0 89 74 124 93 61 149 21 136 22 29 2 123 36 30 38 134 62 60 97 119 0 117 0 0 26 120 0 0 95 16 0 130 23 0 129 101 56 98 132 0 23 142 0 141 36 126 62 0 0 0 0 0 22 66 0 64 134 8 128 15 76 0 91 0 4 12 23 0 134 14 0 53 80 0 82 106 72 50 17 126 13 9 23 136 30 45 0 84 2 141 102 103 52 96 31 35 104 99 98 69 27 137 96 114 62 48 22 131 62 
39 101 45 7 38 6 19 51 42 45 147 0 139 0 72 0 111 98 0 0 19 0 0 49 0 0 38 92 59 46 30 0 81 0 0 4 0 147 0 69 0 102 0 134 119 46 0 141 124 0 127 0 120 0 47 32 26 93 78 66 32 0 54 129 17 119 143 60 18 81 0 51 56 68 74 134 69 71 51 59 0 67 0 127 90 2 0 53 0 0 0 0 0 8 0 64 0 134 63 0 76 17 98 0 17 133 20 0 49 71 60 28 0 5 133 0 0 76 147 0 35 0 15 52 66 114 78 133 62 74 85 148 112 0 0 146 38 0 60 5 66 0 69 0 0 104 0 78 50 94 
0 94 0 67 85 0 0 15 117 144 0 0 0 79 56 0 128 28 86 12 137 110 0 46 121 100 0 87 88 62 0 126 74 77 149 0 0 115 53 144 149 81 39 17 54 94 101 15 100 40 0 73 26 0 20 85 0 80 12 140 37 144 0 27 2 0 96 0 0 0 57 80 20 0 0 80 135 50 129 12 88 23 143 23 76 118 141 97 115 0 0 19 74 119 0 134 134 0 117 8 3 0 0 142 20 93 43 145 65 0 0 123 67 0 0 116 85 145 96 113 0 34 76 0 0 0 47 0 12 121 0 120 0 0 0 0 99 0 42 0 0 100 146 0 0 100 70 81 79 0 
129 148 140 0 46 0 112 0 0 43 89 13 115 48 47 113 73 149 104 49 20 0 94 0 111 146 18 0 0 94 36 136 0 86 81 148 0 0 0 124 123 33 21 94 0 0 32 67 0 0 143 0 0 94 2 0 0 37 120 49 0 121 0 40 33 32 0 0 9 34 149 51 123 15 41 0 69 86 0 0 104 0 0 0 114 0 10 0 127 20 0 103 69 135 119 8 63 117 0 12 137 0 90 114 123 67 36 0 109 65 0 144 80 33 0 90 65 0 146 92 57 23 15 139 24 9 123 0 124 130 14 11 68 62 96 45 0 43 53 114 8 0 0 122 0 40 0 62 0 133 
0 64 0 89 0 74 92 41 7 0 63 0 0 21 45 76 9 46 90 22 45 49 92 31 146 21 0 42 126 132 0 44 133 149 29 39 3 12 26 0 137 0 93 88 89 0 67 0 130 0 97 46 148 13 0 69 121 0 109 0 6 0 138 89 58 41 0 36 0 57 0 71 117 0 76 145 0 48 93 73 145 0 134 24 6 81 40 82 0 0 59 0 28 16 37 128 0 8 12 0 97 0 111 0 0 36 0 92 112 148 89 60 47 0 113 53 57 97 134 10 2 1 122 36 0 109 0 0 109 57 0 10 17 2 0 63 44 43 2 13 60 0 68 12 147 0 0 61 0 0 
74 0 0 0 64 119 75 0 0 0 0 0 115 143 95 0 0 64 59 0 18 0 0 0 34 148 74 127 0 110 82 102 0 0 1 128 0 43 109 21 19 137 133 80 6 28 99 0 116 40 11 122 0 0 0 53 28 10 3 132 0 123 20 91 78 17 45 145 98 0 54 0 0 0 0 126 117 0 0 0 42 0 93 0 141 36 36 125 104 145 84 18 8 96 0 15 76 3 137 97 0 74 130 87 60 0 80 0 0 102 21 0 46 22 92 111 0 12 54 0 104 57 127 0 0 149 58 0 113 138 92 142 79 33 87 0 131 16 22 40 14 125 75 116 0 23 23 24 78 0 
13 66 39 148 144 0 141 148 66 46 142 0 0 0 85 45 0 114 149 0 0 140 0 88 0 48 124 83 68 72 33 99 85 61 97 109 33 38 74 16 31 9 120 34 0 66 127 121 44 0 113 5 0 7 35 87 128 94 97 110 79 0 42 21 0 0 36 67 93 0 17 0 0 91 0 0 124 0 116 141 52 0 0 0 29 49 0 16 33 122 141 43 102 64 60 76 17 0 0 0 74 0 60 45 60 51 49 93 0 148 89 3 130 6 0 120 0 0 0 0 0 32 1 0 0 15 0 123 0 140 0 34 130 149 93 95 18 0 124 0 38 103 32 51 0 96 147 55 69 106 
7 0 45 0 78 0 4 74 94 61 0 0 0 3 35 140 8 0 0 52 0 4 0 99 109 0 55 83 37 0 12 0 119 134 102 86 0 65 82 0 0 0 0 147 132 0 140 31 0 109 6 31 13 82 142 0 98 79 75 53 24 35 0 89 0 128 27 0 40 24 98 92 0 0 105 0 102 0 49 27 0 0 2 0 0 148 109 80 39 18 38 0 64 0 49 0 98 0 90 111 130 60 0 89 49 104 50 0 0 0 44 0 143 77 51 119 11 23 74 134 15 91 0 139 32 39 136 9 134 109 49 0 92 14 42 109 143 12 8 81 0 0 72 14 58 5 70 106 0 21 
87 0 79 0 134 94 146 10 58 125 5 121 33 70 0 13 86 0 58 103 93 54 0 57 0 56 140 144 39 0 0 101 104 0 106 32 0 66 0 18 120 39 49 111 86 93 13 83 51 67 53 13 65 70 0 58 20 127 0 4 33 0 0 0 43 82 40 0 132 103 28 0 119 140 133 42 0 111 97 56 0 11 67 0 107 0 0 0 0 0 144 0 84 0 0 91 0 142 114 0 87 45 89 0 0 0 92 66 91 1 36 0 0 139 132 0 136 0 0 64 114 80 0 116 111 30 1 0 51 36 0 0 0 70 114 27 119 62 0 69 48 89 0 0 0 0 0 46 25 31 
0 0 48 0 23 0 0 0 74 120 0 149 17 59 10 88 22 83 35 0 19 38 0 117 108 118 0 103 0 33 0 128 3 56 0 99 139 0 0 1 51 44 0 50 148 46 37 140 84 0 59 0 0 30 0 112 113 81 0 0 105 41 108 0 108 84 86 137 129 24 45 118 54 0 0 121 30 0 49 72 25 27 0 13 80 0 60 97 124 89 143 0 33 104 23 0 17 20 123 0 60 60 49 0 0 56 64 112 0 18 18 86 18 0 53 36 0 64 0 0 82 121 47 31 142 148 0 0 85 113 0 53 132 116 38 0 8 99 125 0 44 142 143 0 12 0 128 122 91 111 
0 87 0 120 0 0 92 149 77 0 0 113 134 0 125 50 101 15 58 139 130 71 0 120 63 90 20 109 35 54 0 88 44 87 109 0 0 143 23 87 0 0 106 130 107 119 0 0 130 0 97 39 72 0 110 75 12 0 0 0 85 0 122 64 0 59 139 0 96 103 0 12 0 0 123 74 0 127 55 0 63 64 70 0 0 47 87 0 0 99 34 67 106 0 50 4 133 93 67 36 0 51 104 0 56 0 94 63 28 78 0 93 92 0 143 6 118 0 90 0 146 4 6 9 0 138 90 50 78 113 93 131 133 128 78 128 84 34 13 149 59 0 65 0 130 60 80 0 0 0 
128 0 43 149 44 118 142 38 0 0 36 0 0 129 0 49 97 0 71 82 74 0 26 3 142 121 0 125 5 0 0 127 0 106 118 99 30 28 96 0 104 34 6 0 80 0 0 0 90 0 107 0 0 0 105 96 37 0 101 0 0 46 0 2 0 0 127 47 137 144 0 43 0 47 0 98 89 0 34 8 9 0 0 12 105 18 65 141 0 132 15 72 0 11 87 12 20 43 36 0 80 49 50 92 64 94 0 28 147 0 0 30 44 35 92 24 66 0 0 0 63 0 0 0 0 0 149 61 1 0 122 0 1 0 58 104 47 0 45 33 13 0 0 37 99 0 3 55 115 0 
11 0 116 0 74 17 0 27 39 25 79 68 60 0 44 0 0 46 0 0 80 20 0 20 102 0 116 149 0 132 0 10 13 19 58 0 143 111 0 34 0 94 105 92 0 137 0 106 0 56 0 107 35 27 2 0 59 66 38 104 51 57 129 126 67 121 0 64 0 118 0 25 121 148 24 0 10 15 11 66 42 0 0 0 76 10 0 77 0 72 0 0 120 68 15 23 0 145 0 92 0 93 0 66 112 63 28 0 0 0 103 143 109 119 102 144 0 103 38 3 90 0 28 0 18 41 128 13 0 24 0 114 0 148 15 78 71 2 68 70 52 40 108 0 0 109 0 34 0 0 
15 110 0 0 27 71 94 46 65 61 0 109 82 0 0 45 139 54 0 8 24 113 123 79 37 107 51 64 0 56 121 0 64 39 94 64 97 130 84 95 33 69 115 43 0 51 93 98 53 38 0 0 5 147 147 78 134 115 94 0 0 61 0 117 72 0 136 41 10 129 0 81 37 39 25 0 64 119 30 0 0 0 12 27 0 0 144 0 14 0 39 133 14 34 48 0 49 65 109 112 0 0 0 91 0 28 147 0 0 0 111 81 0 115 4 0 27 0 107 47 0 62 77 97 0 14 0 79 0 29 126 114 70 124 0 27 0 25 0 101 84 0 75 37 0 15 0 46 0 142 
0 58 0 90 7 18 0 18 75 70 0 0 106 0 41 103 0 0 0 0 0 51 144 54 2 82 61 17 0 102 60 0 0 135 90 0 0 59 0 65 135 0 47 144 104 37 0 37 0 0 58 0 139 108 0 0 79 76 93 37 37 0 41 0 0 0 0 1 147 48 0 35 0 144 97 94 108 0 53 0 142 22 0 131 117 120 0 0 69 100 0 0 0 83 0 134 71 0 65 148 102 148 0 1 18 78 0 0 0 0 64 37 0 98 0 56 71 13 0 0 0 113 0 0 20 0 0 119 34 0 0 105 100 0 0 95 47 96 145 14 149 33 81 0 0 0 0 0 131 38 
128 0 38 0 91 22 136 3 37 0 0 102 57 11 7 61 91 29 0 125 56 0 39 0 58 8 36 149 0 97 143 128 0 90 121 17 0 79 0 126 0 0 129 125 49 15 103 113 0 0 144 0 53 13 145 108 0 0 136 90 0 0 0 1 67 3 30 29 27 0 108 0 106 0 81 61 27 67 64 21 128 57 0 83 57 124 0 139 12 22 66 118 0 0 4 14 60 0 0 89 21 89 44 36 18 0 0 103 111 64 0 10 19 0 0 0 0 0 64 49 96 0 79 0 0 0 129 0 74 0 0 145 116 143 0 47 86 28 85 102 25 0 30 14 53 79 0 25 141 0 
108 37 144 95 76 0 123 98 26 72 68 0 0 134 144 90 117 106 39 142 37 117 76 88 13 0 43 0 113 20 4 0 0 29 27 68 112 15 36 0 0 75 28 117 91 0 68 0 5 0 82 0 0 0 112 73 0 23 0 52 0 0 0 125 71 137 39 81 70 31 0 0 0 30 73 94 118 61 0 143 0 0 13 76 90 0 93 0 28 0 12 75 0 82 0 0 28 123 144 60 0 3 0 0 86 93 30 143 81 37 10 0 0 47 63 127 0 0 0 68 98 34 56 100 0 98 7 19 70 104 0 0 13 66 76 28 0 84 0 142 0 12 32 107 49 52 146 14 145 97 
0 78 0 100 14 0 0 0 0 129 36 89 94 144 26 89 71 94 129 80 0 0 0 90 126 83 3 0 0 38 51 139 15 36 128 0 70 115 0 0 27 73 12 143 0 29 44 49 139 17 0 52 0 145 0 108 0 0 0 15 0 108 101 117 0 80 85 97 92 82 86 57 57 86 0 0 60 56 0 72 87 58 127 16 9 40 104 0 145 117 70 0 0 101 0 53 0 67 80 47 46 130 143 0 18 92 44 109 0 0 19 0 0 120 116 15 98 79 109 21 94 79 30 29 124 85 90 18 30 14 62 90 0 104 12 90 0 31 134 0 13 95 139 0 80 30 0 103 16 0 
23 0 44 111 0 0 40 86 0 80 0 11 31 0 120 0 0 0 83 109 102 80 84 16 6 111 139 0 0 126 79 36 0 101 75 144 92 27 107 147 0 0 144 129 43 0 0 134 6 48 15 36 2 10 5 55 9 22 149 0 14 105 34 141 83 92 80 0 126 5 0 119 3 120 0 56 0 76 60 0 39 0 0 0 84 0 73 135 77 0 96 76 0 70 102 80 5 0 33 0 22 6 77 139 0 0 35 119 115 98 0 47 120 0 0 110 78 68 0 48 0 31 64 147 126 0 53 135 146 60 0 80 45 118 48 3 86 69 115 15 122 0 123 148 129 5 0 111 0 31 
141 10 0 28 0 19 0 0 31 82 0 140 0 135 91 0 31 37 105 18 0 12 91 15 0 84 5 144 91 35 133 23 0 129 0 50 0 106 0 0 138 36 17 135 83 104 70 2 40 4 0 0 0 120 5 0 19 142 0 0 69 67 0 0 0 0 0 36 0 0 0 77 0 105 9 108 146 117 37 0 126 143 97 79 21 129 63 24 73 80 73 0 133 135 0 0 133 0 0 113 92 0 51 132 53 143 92 102 4 0 0 63 116 0 0 147 110 0 47 118 143 2 0 0 37 0 0 124 139 37 0 14 0 149 0 0 12 29 19 0 75 139 40 7 0 128 126 59 104 0 
0 0 136 1 25 67 78 110 13 12 126 0 74 0 8 71 139 0 142 0 149 51 94 42 0 48 89 0 115 0 0 79 0 50 0 0 0 0 57 45 0 118 47 127 0 30 0 31 69 0 0 100 10 60 10 60 0 104 47 8 123 0 115 93 0 53 100 106 5 38 44 14 77 0 116 0 13 127 0 0 39 11 62 0 0 28 0 0 145 18 142 135 43 58 68 82 0 116 90 53 111 120 119 0 36 6 24 144 0 56 0 127 15 110 147 0 27 0 54 143 37 96 63 71 132 0 38 0 17 135 46 128 1 12 78 64 0 117 97 62 65 85 0 94 78 85 30 0 112 34 
3 73 30 51 34 134 62 96 0 124 1 0 5 25 7 87 95 122 26 123 25 43 0 81 120 0 94 0 51 23 92 0 0 137 137 0 0 125 0 63 0 0 80 0 67 0 25 0 4 0 131 38 3 132 0 75 132 129 102 0 0 34 128 13 14 115 0 112 0 59 0 60 21 98 62 0 115 89 7 39 0 94 0 0 40 99 28 124 0 39 60 73 0 0 23 106 0 85 65 57 0 0 11 136 0 118 66 0 27 71 0 0 98 78 110 27 0 44 85 0 32 44 58 0 135 105 0 0 62 108 0 0 96 86 118 44 136 34 89 76 0 53 79 106 56 0 55 0 0 13 
0 0 77 34 21 45 43 134 0 0 63 0 87 53 113 0 0 0 0 76 31 112 117 0 19 95 58 0 138 80 80 6 53 71 80 143 1 22 12 0 26 12 36 0 52 0 0 116 78 0 91 41 29 3 66 66 19 0 0 97 112 73 24 126 0 21 106 65 0 27 0 9 0 0 23 63 22 27 58 114 123 79 70 145 0 0 93 71 0 115 15 92 0 0 87 72 76 145 0 97 12 0 23 0 64 0 0 103 0 13 0 0 79 68 0 0 44 0 0 78 0 0 0 0 111 17 10 13 122 70 102 10 84 0 132 0 53 139 0 1 0 147 121 15 49 93 0 0 0 20 
1 36 119 0 0 113 23 6 139 16 75 60 59 4 138 24 25 75 70 0 64 108 6 131 132 144 39 28 16 46 94 141 0 16 83 78 23 110 0 0 129 121 0 0 21 84 105 24 60 90 25 120 0 78 136 76 0 82 0 115 0 0 109 0 143 52 0 0 66 0 77 7 62 139 0 0 59 0 16 0 57 138 0 0 61 135 57 30 114 52 21 70 0 75 0 50 147 96 146 134 54 0 74 0 0 90 0 38 107 0 64 0 109 0 47 54 85 0 0 79 0 0 19 0 30 140 63 31 0 12 137 0 133 59 79 126 0 84 32 139 0 85 144 0 3 67 0 33 147 110 
42 104 97 33 0 91 103 53 39 77 15 16 0 144 10 28 44 10 0 107 0 0 36 72 35 125 0 0 72 100 17 84 85 47 0 66 0 0 125 0 80 103 0 110 0 145 100 0 95 115 35 65 79 98 0 92 127 29 0 0 41 143 78 0 66 31 0 45 35 0 53 58 0 39 0 12 0 11 81 0 72 133 0 0 101 0 0 24 45 121 148 96 54 0 3 17 0 113 92 10 0 0 134 64 0 0 0 3 47 0 49 68 21 48 118 143 0 78 79 0 135 46 0 11 0 0 0 109 70 0 126 87 17 45 58 0 0 111 77 0 0 114 85 11 51 0 0 33 130 26 
93 22 0 7 103 15 100 16 132 128 144 89 142 115 0 25 0 0 33 98 106 122 92 137 35 13 129 0 86 0 101 0 6 88 70 149 17 70 63 146 0 112 0 4 0 0 3 0 54 88 0 101 0 0 0 0 30 45 46 132 7 0 128 136 24 52 104 0 119 56 0 80 142 100 0 130 48 89 33 29 46 140 112 25 141 82 56 0 142 136 108 117 76 0 0 126 35 0 57 2 104 0 15 114 82 146 63 90 0 0 96 98 94 0 143 37 32 0 0 135 0 134 46 142 92 26 36 0 98 0 31 131 0 76 0 145 75 130 0 22 58 27 11 93 36 0 87 114 0 111 
96 0 56 93 99 0 0 0 0 0 134 31 89 0 14 42 99 20 131 0 80 4 8 88 26 114 71 140 0 0 24 115 0 27 83 17 74 123 0 126 117 0 91 44 43 91 46 0 0 129 144 0 105 0 77 59 3 43 98 0 136 26 51 14 41 16 42 66 0 9 58 147 148 142 0 10 137 115 0 113 0 69 85 6 42 101 63 104 31 49 126 0 0 138 134 13 0 34 23 1 57 32 91 80 121 4 0 0 62 113 0 34 79 31 2 96 44 0 0 46 134 0 0 0 0 0 41 132 0 55 96 110 37 0 55 130 53 7 0 65 0 0 10 0 120 144 36 82 0 14 
92 0 30 71 126 68 24 0 133 3 145 49 0 73 0 144 123 0 0 116 138 0 28 91 33 80 133 37 0 0 105 0 62 0 0 15 101 0 0 101 0 0 118 0 64 57 118 103 50 55 23 22 63 18 145 0 126 75 0 117 135 13 143 2 0 0 64 0 0 31 44 116 0 85 0 44 101 54 98 110 135 141 40 48 116 121 29 125 96 0 80 64 0 137 40 9 15 76 15 122 127 1 0 0 47 6 0 28 77 0 79 56 30 64 0 63 58 0 19 0 46 0 0 145 0 145 65 0 0 0 0 99 0 74 0 0 110 78 10 0 0 135 53 0 0 67 103 0 17 0 
40 0 9 124 0 9 0 109 120 0 91 0 9 29 102 90 37 0 79 18 55 64 113 0 104 0 0 45 141 34 1 0 94 0 136 0 0 83 68 123 78 19 18 134 5 74 66 30 75 90 93 0 0 0 74 81 44 101 48 0 2 101 39 0 0 50 0 144 0 0 82 0 49 137 0 0 0 134 134 78 46 0 0 107 62 93 0 139 100 17 19 68 70 31 95 23 52 0 139 36 0 0 139 116 31 9 0 0 97 0 0 100 29 147 0 71 0 0 0 11 142 0 145 0 102 75 18 29 0 48 39 0 46 71 149 50 129 0 0 0 0 127 77 0 0 0 118 61 7 77 
35 86 35 0 26 0 55 6 92 0 59 100 69 71 105 100 0 0 65 109 0 0 4 65 16 0 149 19 0 0 135 101 35 6 90 120 56 0 0 18 0 86 24 0 122 0 69 110 126 16 0 17 0 61 0 0 0 133 0 0 65 51 3 4 89 0 0 118 7 0 0 21 0 61 102 0 146 130 135 0 57 95 0 64 0 19 65 61 0 87 0 85 111 0 68 136 66 0 24 0 0 0 32 111 142 0 0 18 0 20 0 0 124 126 37 132 135 111 30 0 92 0 0 102 0 114 0 17 108 0 89 0 0 117 0 122 78 35 85 27 116 0 0 0 0 0 0 84 25 128 
0 28 22 32 35 139 0 0 45 0 40 0 0 0 27 77 0 23 86 24 139 62 74 0 119 0 118 0 9 79 0 104 8 57 38 39 31 90 125 140 127 0 0 2 123 0 59 27 0 26 32 0 103 123 0 115 87 73 0 52 0 12 57 66 0 13 21 0 65 9 0 56 106 27 49 116 0 106 116 130 34 24 0 0 98 137 141 91 138 55 16 6 0 64 0 30 114 0 9 109 149 15 39 30 148 138 0 41 14 0 0 98 85 0 0 0 105 17 140 0 26 0 145 75 114 0 0 144 0 79 32 37 84 108 94 7 0 3 0 119 134 16 0 133 0 109 0 88 72 45 
0 107 6 58 0 99 72 0 134 141 80 41 0 23 66 90 0 32 0 71 129 16 0 0 77 0 122 0 0 0 15 103 0 0 110 0 0 0 59 37 34 56 134 39 75 23 14 0 60 62 0 115 62 0 0 112 73 0 33 105 0 84 15 62 75 92 109 0 20 0 0 115 0 113 0 1 0 30 0 33 7 143 127 110 92 95 0 128 0 42 0 15 120 0 127 45 78 47 123 0 58 0 136 1 0 90 149 128 0 0 129 7 90 53 0 38 0 10 63 0 36 41 65 18 0 0 0 76 63 43 56 0 74 0 0 60 0 57 8 104 128 85 0 4 59 79 47 0 19 0 
110 0 26 69 94 0 7 0 65 0 0 11 0 95 0 146 0 124 117 144 108 27 1 0 112 0 0 138 6 0 0 1 43 92 14 0 0 0 43 0 0 144 17 45 149 81 77 0 27 98 35 0 109 143 0 0 147 127 0 92 22 111 0 84 0 138 55 115 93 102 18 0 0 132 19 86 69 42 0 133 142 87 0 0 78 83 104 121 112 15 21 61 111 60 45 0 133 0 0 0 0 123 9 0 0 50 61 13 79 119 0 19 18 135 124 0 0 13 31 109 0 132 0 29 17 144 76 0 46 92 0 0 67 83 0 109 62 0 63 143 0 118 0 144 10 78 21 0 0 61 
35 0 0 118 36 0 1 119 29 21 0 0 0 32 88 0 114 127 0 139 149 146 79 0 121 141 0 65 0 0 24 61 3 75 0 37 0 82 96 0 30 130 92 64 0 0 119 70 0 142 77 24 32 5 7 101 61 0 0 49 138 24 0 43 116 112 63 0 0 144 100 149 0 0 26 64 0 65 25 16 146 0 146 95 108 0 0 110 0 0 149 116 137 98 70 84 62 12 124 109 113 0 134 51 85 78 1 0 0 34 74 70 30 146 139 17 62 122 0 70 98 0 0 0 108 0 63 46 0 88 18 125 0 17 116 0 0 0 0 45 19 115 0 0 8 113 14 0 91 111 
0 87 1 0 29 105 94 65 0 0 29 0 0 88 0 0 53 67 0 93 0 0 46 93 0 0 100 0 0 126 12 103 35 36 39 0 57 0 91 102 19 24 100 60 116 0 41 129 0 22 64 121 148 49 67 85 0 10 6 97 72 117 0 139 79 27 137 105 135 146 3 17 0 107 0 137 113 0 90 48 129 36 0 69 64 99 0 145 141 98 0 58 131 132 0 2 74 121 130 57 138 140 109 36 113 113 0 24 29 0 0 104 14 60 37 135 108 70 12 0 0 55 0 48 0 79 43 92 88 0 100 0 13 39 74 148 132 0 139 0 0 0 145 116 60 5 54 102 4 0 
54 0 21 28 14 13 0 0 129 87 0 19 0 79 12 0 44 112 27 0 0 77 113 94 54 0 0 0 21 50 107 35 96 52 61 0 58 0 104 18 121 20 0 100 0 0 111 55 126 95 39 43 0 70 53 0 0 0 133 134 15 115 76 12 0 92 0 146 0 121 92 127 0 0 141 64 0 90 122 39 0 90 139 2 67 90 0 139 0 0 0 95 47 72 54 141 85 0 14 0 92 0 49 0 0 93 122 0 126 0 0 0 62 0 0 46 0 102 137 126 31 96 0 39 89 32 56 0 18 100 0 0 0 76 0 104 106 0 137 0 0 5 0 6 0 149 0 56 17 0 
20 101 0 46 0 129 92 0 73 129 106 145 133 0 133 67 0 49 47 41 118 14 0 49 49 19 71 147 0 0 105 95 110 0 55 0 58 46 0 115 21 69 0 25 28 28 0 131 40 28 0 1 0 91 2 13 145 39 10 59 110 12 95 0 0 33 0 129 15 0 69 0 104 60 0 0 32 0 123 139 5 0 0 0 98 63 0 100 128 84 0 0 21 43 1 102 148 120 11 10 142 34 0 0 53 131 0 114 114 105 145 0 90 80 14 128 0 10 0 87 131 110 99 0 0 37 0 0 125 0 0 0 128 5 25 0 106 89 5 47 18 128 132 112 133 89 0 33 5 0 
33 96 69 39 0 78 93 24 24 61 138 0 120 56 115 68 119 0 83 30 26 0 27 128 120 0 0 30 144 32 0 133 100 0 0 125 18 96 35 67 83 139 0 8 0 91 15 0 70 0 128 17 0 117 0 45 108 129 0 31 49 26 126 0 109 51 0 0 146 146 0 82 93 15 0 26 18 34 0 0 133 96 92 0 1 0 88 8 122 20 117 129 102 145 147 103 112 0 68 17 79 130 92 0 132 133 1 0 70 100 116 13 0 45 0 1 96 84 133 17 0 37 0 46 0 84 74 67 0 13 0 128 0 149 132 56 0 0 0 36 102 5 109 132 0 32 21 137 123 14 
0 39 0 92 0 2 57 0 115 23 0 0 124 0 0 0 113 0 5 84 96 17 36 130 93 97 0 93 35 149 0 0 0 0 44 0 0 106 101 140 70 38 84 76 0 118 95 116 21 114 0 0 81 56 0 0 23 129 90 52 7 0 80 0 0 0 46 14 0 45 84 31 73 4 0 15 6 87 0 139 39 92 0 71 124 131 0 60 134 0 0 0 49 0 136 52 0 0 62 2 33 149 14 70 116 128 0 148 124 0 143 66 104 118 149 12 86 0 59 45 76 0 74 71 117 108 0 83 17 39 76 5 149 0 135 139 0 0 3 0 125 0 0 108 0 21 132 68 0 0 
33 115 0 133 121 59 31 117 129 0 87 8 105 7 97 13 119 124 0 133 1 0 0 0 104 0 0 0 140 3 70 82 58 102 0 10 144 1 1 75 75 0 147 0 0 138 46 28 132 68 147 142 0 57 0 136 0 25 20 104 89 86 63 106 31 87 103 72 11 122 141 0 100 136 10 1 81 101 0 0 75 102 133 115 0 0 0 12 116 62 0 63 139 15 0 96 0 0 96 0 87 93 42 114 38 78 58 15 0 0 0 76 12 48 0 78 118 132 79 58 0 55 0 149 0 94 0 0 116 74 0 25 132 135 0 0 109 85 0 81 63 136 10 57 21 0 11 0 0 24 
3 0 59 86 91 0 65 5 37 0 0 109 24 106 137 0 136 94 127 141 0 63 18 106 98 0 103 112 143 113 32 0 129 0 0 96 89 15 2 59 0 0 0 129 114 11 42 75 0 145 59 75 103 83 32 12 16 84 110 0 0 0 0 0 88 15 103 0 149 0 131 133 74 16 117 149 0 45 0 30 133 139 44 0 64 0 0 91 4 0 0 125 0 0 132 31 146 0 45 63 0 95 109 27 0 128 104 78 27 95 47 28 90 3 0 64 44 0 126 0 145 130 0 50 122 7 60 109 0 148 104 0 56 139 0 0 0 119 0 49 0 50 89 58 0 93 13 8 0 15 
124 68 52 122 129 82 44 40 125 5 0 106 144 0 15 140 6 149 132 0 149 72 21 83 132 90 0 124 0 5 0 27 0 73 71 3 124 134 0 3 0 125 13 2 115 76 12 82 69 39 62 142 0 43 0 0 89 77 55 0 0 20 101 0 0 0 99 0 18 90 91 0 124 149 0 0 128 37 26 17 132 0 0 145 133 0 116 102 69 0 4 54 0 77 111 35 38 99 0 44 131 18 143 119 8 84 47 71 0 47 86 0 0 86 12 0 136 53 0 0 75 53 110 129 78 0 0 62 0 132 106 106 0 0 109 0 0 0 0 0 0 33 53 0 106 143 87 1 42 81 
0 53 0 142 30 24 103 47 0 0 23 0 0 0 123 37 14 0 0 112 0 35 26 16 113 22 57 143 147 138 113 21 0 0 55 0 112 139 0 0 0 108 0 86 0 0 62 54 118 105 106 0 27 52 148 62 0 139 125 57 147 2 0 12 15 126 0 0 51 38 0 55 94 0 0 0 9 47 92 124 12 131 0 0 0 0 20 49 0 113 0 87 0 0 0 104 0 0 43 43 16 0 12 62 99 34 0 2 25 96 28 84 31 69 29 117 34 139 84 111 130 7 78 0 35 3 57 0 0 0 0 89 0 0 85 119 0 0 34 104 24 61 93 42 6 33 52 0 68 29 
137 0 131 56 148 38 37 50 91 35 65 30 0 31 56 0 0 16 39 0 86 122 42 0 0 6 28 91 76 0 136 0 0 148 0 127 148 111 135 15 81 22 0 0 86 0 62 57 93 26 141 4 78 0 0 118 0 33 102 6 144 43 20 0 18 72 93 43 0 0 0 18 135 45 0 0 0 0 110 0 0 85 5 15 105 16 74 23 68 84 34 0 37 146 107 99 60 42 53 2 22 124 8 0 125 13 45 68 0 145 85 0 134 115 19 97 89 0 32 77 0 0 10 0 85 0 8 63 0 139 137 5 0 3 0 0 0 34 0 29 44 31 67 0 51 29 116 79 0 0 
0 31 0 0 32 0 0 38 48 0 146 42 139 45 0 0 89 42 82 13 101 25 0 42 88 0 77 149 57 119 87 0 10 119 105 0 0 0 46 62 60 123 110 0 124 0 120 0 34 0 47 0 21 91 120 94 125 23 46 47 0 0 0 93 8 11 23 136 88 46 0 140 50 41 0 5 7 50 116 0 42 21 128 2 4 100 0 0 0 109 3 30 0 40 70 98 5 0 114 13 40 0 81 69 0 149 33 70 101 14 102 142 0 15 0 62 76 1 139 0 22 65 0 0 27 119 104 143 45 0 0 47 36 0 81 49 0 104 29 0 21 143 0 7 0 0 0 0 32 122 
102 73 0 61 143 7 101 0 49 0 0 0 69 0 132 13 0 110 97 0 34 0 38 73 0 129 85 0 0 145 74 0 0 116 22 0 129 0 83 138 105 16 0 97 22 139 129 100 0 108 126 89 101 140 20 108 0 69 0 28 124 133 142 0 0 15 20 0 58 81 0 121 0 0 0 81 99 23 12 0 84 0 2 101 0 74 74 57 92 79 19 1 42 0 22 69 66 0 8 60 14 38 0 48 44 59 13 52 84 149 25 0 13 122 75 65 0 0 0 0 58 0 0 0 116 134 128 0 19 0 0 18 102 125 63 0 0 24 44 21 0 53 142 77 94 119 0 104 40 0 
0 135 45 65 0 19 48 38 0 80 84 0 0 103 142 0 62 0 61 54 112 132 31 2 132 0 0 17 0 0 22 47 0 0 10 29 55 109 0 49 143 0 0 34 0 24 142 126 131 0 120 64 0 145 10 147 0 0 92 0 9 0 147 147 80 110 54 133 64 0 125 86 0 0 0 136 137 0 38 116 53 47 45 0 0 122 2 0 149 0 0 0 141 11 0 27 0 100 0 0 125 103 0 89 142 0 0 40 0 33 0 12 95 0 139 85 53 147 85 114 27 0 135 127 0 16 85 118 115 0 5 128 5 0 136 50 33 61 31 143 53 0 106 134 105 16 106 133 0 45 
42 0 0 114 69 4 0 52 145 30 75 81 9 0 35 0 109 88 88 56 0 53 5 0 0 149 143 145 1 52 24 89 0 68 11 0 14 141 0 73 113 141 95 0 6 0 99 35 0 118 0 0 0 55 0 54 36 0 0 141 0 64 112 125 0 0 28 87 129 145 92 0 134 22 0 0 0 112 19 1 118 146 145 0 129 0 0 127 133 122 84 113 10 15 65 137 69 146 0 68 75 32 72 0 143 65 0 108 75 81 30 32 139 123 40 0 79 121 144 85 11 10 53 77 0 0 0 0 0 145 0 132 109 0 10 89 53 93 67 0 142 106 0 146 91 0 0 93 91 126 
0 122 0 58 30 71 73 0 44 124 6 0 2 118 0 41 44 6 29 98 46 0 39 109 0 120 24 3 107 16 1 76 0 0 26 0 80 58 64 7 69 129 94 90 0 77 92 115 0 34 38 110 131 0 109 64 3 133 0 87 134 0 0 8 0 141 0 77 144 51 89 0 130 0 24 18 112 130 0 0 99 113 119 120 55 53 38 0 20 0 0 131 0 41 130 96 0 0 122 12 116 51 14 0 0 0 37 0 37 0 14 107 0 148 7 94 106 15 0 11 93 0 0 0 0 133 4 144 0 116 6 112 132 108 57 58 0 42 0 7 77 134 146 0 67 17 88 106 0 38 
55 0 0 20 0 92 0 138 144 0 84 4 148 100 36 5 0 3 19 119 78 88 0 0 147 126 123 137 19 9 148 55 0 0 92 13 78 35 124 22 0 0 16 142 96 96 7 115 39 55 128 0 15 126 0 16 148 70 25 96 11 79 0 0 130 20 18 84 71 0 0 0 111 0 10 64 60 140 133 0 34 79 81 148 60 44 135 0 149 0 41 60 92 72 30 114 0 0 0 147 0 0 58 0 12 130 99 0 0 0 53 49 80 129 0 78 56 49 3 51 36 120 0 0 0 0 59 10 8 60 0 133 0 0 21 0 106 6 51 0 94 105 91 67 0 66 116 145 3 17 
1 0 0 136 86 0 89 23 0 129 0 29 52 115 118 0 54 57 0 0 79 51 0 0 15 23 68 0 0 0 24 0 55 75 69 115 138 110 0 0 107 107 44 0 115 100 102 2 0 44 68 65 0 15 0 0 0 0 16 0 4 0 83 0 70 0 128 138 0 107 76 0 43 0 15 0 0 42 0 123 19 113 47 107 0 61 0 116 0 0 128 35 49 126 61 62 104 100 40 0 23 96 5 0 0 60 0 109 15 0 79 52 30 5 128 85 0 93 67 0 0 144 67 0 0 109 79 78 113 5 149 89 32 21 0 93 143 33 29 0 119 16 0 17 66 0 0 132 0 27 
7 0 30 34 0 131 48 5 47 126 0 142 138 0 147 1 75 36 143 0 59 136 0 53 0 0 106 141 58 25 99 0 91 131 84 143 87 120 0 67 21 22 0 77 100 37 0 109 0 0 33 34 0 0 67 0 145 117 17 139 92 79 0 34 10 116 0 0 75 0 0 149 144 0 24 128 0 0 63 52 141 0 82 44 0 0 0 143 48 0 148 143 0 29 0 48 0 70 0 0 23 147 70 0 128 80 3 0 0 0 0 146 0 0 126 30 55 0 0 0 87 36 103 118 0 0 47 21 14 54 0 0 21 132 11 13 87 52 116 0 0 106 0 88 116 0 0 0 0 24 
121 81 0 0 49 63 0 58 0 41 0 132 0 64 0 95 0 0 0 0 0 35 59 60 0 81 125 137 26 121 91 97 140 0 0 19 0 94 0 0 29 80 53 140 124 4 0 99 138 141 0 121 139 70 87 103 24 49 21 26 29 79 108 0 0 0 124 2 80 0 68 71 88 1 21 92 12 115 144 75 0 70 9 0 0 112 0 142 22 56 107 41 75 84 81 22 78 81 62 61 24 55 106 46 122 0 55 34 46 0 25 14 103 111 59 0 0 0 33 33 114 82 0 61 84 88 0 0 0 102 56 33 137 68 0 8 1 0 79 0 104 133 93 106 145 132 0 0 85 0 
66 115 0 114 60 85 43 120 63 110 54 0 0 0 0 100 0 7 88 93 0 0 0 41 66 0 125 11 0 133 0 25 0 0 32 0 37 140 29 0 98 0 108 88 96 0 138 8 107 83 94 0 99 125 141 19 87 96 112 21 139 0 139 53 15 0 0 0 0 41 31 99 28 0 50 0 73 44 0 141 68 144 90 64 99 44 47 113 40 0 140 37 0 107 38 131 50 79 0 0 78 69 0 25 91 0 115 0 0 131 141 145 16 0 104 112 0 0 147 130 0 0 17 7 25 72 19 0 91 4 17 5 123 0 0 0 42 68 0 32 40 0 91 0 3 0 0 85 0 60 
4 81 48 79 6 49 0 60 109 0 0 148 72 97 0 140 74 0 0 118 0 142 0 0 97 0 104 144 0 28 0 111 105 81 139 109 58 0 140 39 85 74 50 0 89 17 112 63 0 33 89 0 122 0 0 47 79 0 134 40 142 29 46 14 33 97 81 69 0 146 114 78 53 42 9 6 0 0 0 22 0 0 90 77 30 126 122 108 97 0 38 23 0 92 39 62 94 0 133 0 0 106 21 31 111 0 0 0 142 38 0 97 0 31 0 34 13 20 110 26 111 14 0 77 128 45 0 61 111 0 0 0 14 0 24 15 81 29 0 122 0 45 126 38 17 27 24 0 60 0 
