50
0 36 0 0 1 46 16 31 28 28 34 36 21 31 5 22 11 48 14 0 0 12 0 29 11 11 0 20 48 29 13 0 29 22 0 6 20 0 36 49 37 2 40 0 6 15 0 46 0 23 
36 0 0 34 7 0 30 0 2 24 14 49 17 19 0 46 5 8 16 36 41 0 0 25 4 0 4 0 0 46 14 6 21 10 0 0 9 14 0 0 21 49 12 0 34 48 30 0 0 0 
0 0 0 0 43 3 13 24 47 0 0 40 15 20 17 0 34 0 38 5 11 32 46 0 0 0 0 0 14 19 42 0 10 0 0 44 41 0 0 35 0 43 38 0 0 39 6 0 22 13 
0 34 0 0 24 4 0 6 0 26 47 36 0 0 16 0 33 37 7 45 37 0 21 9 36 2 0 20 17 33 31 39 32 27 34 0 34 9 0 3 8 35 9 0 18 47 9 4 48 25 
1 7 43 24 0 32 1 17 0 34 6 44 0 0 40 0 44 0 0 42 11 42 0 0 31 0 3 46 6 0 0 23 0 0 32 42 16 23 0 31 5 20 16 39 0 0 9 11 40 0 
46 0 3 4 32 0 0 30 0 48 0 26 0 0 2 0 0 18 20 33 0 35 5 0 0 13 44 0 43 0 0 6 24 28 47 0 32 38 26 0 0 26 14 0 22 0 0 21 32 33 
16 30 13 0 1 0 0 29 4 43 29 17 49 0 0 0 0 35 0 11 8 36 34 0 0 29 40 0 0 7 0 0 0 35 0 27 0 33 48 0 20 0 0 12 0 47 1 15 12 0 
31 0 24 6 17 30 29 0 0 47 20 23 17 0 7 7 0 41 20 0 19 39 25 31 42 3 14 35 0 41 0 22 29 0 0 18 0 39 20 6 0 20 23 37 9 12 0 0 45 0 
28 2 47 0 0 0 4 0 0 19 8 32 0 47 42 0 2 33 0 38 16 0 38 11 34 0 15 29 9 0 13 0 20 0 30 26 21 25 17 15 27 0 0 42 49 35 3 0 34 0 
28 24 0 26 34 48 43 47 19 0 25 5 1 10 22 6 0 22 0 37 48 0 39 0 37 0 41 0 0 49 3 43 24 38 41 0 0 0 48 15 0 0 42 0 21 45 35 40 4 0 
34 14 0 47 6 0 29 20 8 25 0 21 0 24 0 26 0 24 39 26 36 26 9 0 38 16 0 43 15 0 16 15 8 15 34 10 2 17 39 5 3 13 19 32 33 18 21 0 0 39 
36 49 40 36 44 26 17 23 32 5 21 0 44 40 0 6 0 22 38 35 0 28 18 22 0 40 14 0 45 25 5 25 0 8 33 0 46 45 42 7 49 8 18 10 0 0 27 0 5 0 
21 17 15 0 0 0 49 17 0 1 0 44 0 46 29 24 3 0 44 14 18 29 28 0 48 9 27 0 39 0 0 0 42 44 36 0 31 49 0 49 0 0 40 5 0 49 24 38 12 28 
31 19 20 0 0 0 0 0 47 10 24 40 46 0 3 15 16 25 43 48 0 15 20 24 26 21 0 40 47 0 17 14 13 3 41 28 8 21 0 18 25 32 13 0 14 38 0 19 21 34 
5 0 17 16 40 2 0 7 42 22 0 0 29 3 0 0 33 0 35 18 0 13 29 34 45 0 0 18 3 29 0 0 0 19 34 43 24 16 22 34 0 38 0 0 0 0 33 35 13 24 
22 46 0 0 0 0 0 7 0 6 26 6 24 15 0 0 0 44 43 28 0 26 0 12 44 11 6 0 14 0 13 36 34 6 0 0 6 33 30 44 0 0 0 37 0 42 46 22 12 16 
11 5 34 33 44 0 0 0 2 0 0 0 3 16 33 0 0 0 0 14 5 5 18 37 0 39 0 36 19 8 23 12 0 27 6 22 0 0 0 27 0 30 17 0 15 32 41 0 0 42 
48 8 0 37 0 18 35 41 33 22 24 22 0 25 0 44 0 0 0 12 46 24 33 14 1 0 28 48 25 0 33 48 41 19 0 49 42 7 34 0 14 9 3 1 17 48 42 0 39 9 
14 16 38 7 0 20 0 20 0 0 39 38 44 43 35 43 0 0 0 30 8 6 40 18 47 18 36 44 0 39 2 25 12 0 44 37 19 31 38 26 33 43 19 13 21 10 0 0 24 37 
0 36 5 45 42 33 11 0 38 37 26 35 14 48 18 28 14 12 30 0 30 42 5 40 0 6 12 0 27 0 5 16 8 44 0 0 0 49 0 10 5 0 38 37 36 26 23 20 42 9 
0 41 11 37 11 0 8 19 16 48 36 0 18 0 0 0 5 46 8 30 0 34 31 0 0 19 38 49 43 14 0 0 32 0 0 41 0 0 0 19 0 0 38 40 32 25 26 34 31 0 
12 0 32 0 42 35 36 39 0 0 26 28 29 15 13 26 5 24 6 42 34 0 48 15 0 23 0 11 0 0 14 0 20 0 24 4 0 0 0 0 25 17 41 8 44 0 1 0 12 0 
0 0 46 21 0 5 34 25 38 39 9 18 28 20 29 0 18 33 40 5 31 48 0 0 11 37 0 35 0 1 0 39 0 19 3 1 1 30 0 47 45 9 0 33 0 36 0 0 31 35 
29 25 0 9 0 0 0 31 11 0 0 22 0 24 34 12 37 14 18 40 0 15 0 0 0 24 0 0 11 0 0 34 34 0 0 29 1 20 0 0 39 28 0 47 4 49 13 29 24 0 
11 4 0 36 31 0 0 42 34 37 38 0 48 26 45 44 0 1 47 0 0 0 11 0 0 47 0 0 39 18 20 21 0 21 26 0 26 5 0 2 18 1 20 17 40 0 0 0 0 13 
11 0 0 2 0 13 29 3 0 0 16 40 9 21 0 11 39 0 18 6 19 23 37 24 47 0 10 48 0 0 9 32 43 39 0 20 13 34 24 35 18 0 6 32 10 43 16 0 35 0 
0 4 0 0 3 44 40 14 15 41 0 14 27 0 0 6 0 28 36 12 38 0 0 0 0 10 0 25 0 10 49 46 0 13 43 5 13 43 0 13 13 43 46 25 45 0 20 17 20 0 
20 0 0 20 46 0 0 35 29 0 43 0 0 40 18 0 36 48 44 0 49 11 35 0 0 48 25 0 34 0 42 6 31 0 15 27 29 42 20 0 0 5 15 15 0 32 42 0 10 5 
48 0 14 17 6 43 0 0 9 0 15 45 39 47 3 14 19 25 0 27 43 0 0 11 39 0 0 34 0 13 34 0 0 0 26 36 34 19 34 0 12 45 8 1 34 31 25 0 26 38 
29 46 19 33 0 0 7 41 0 49 0 25 0 0 29 0 8 0 39 0 14 0 1 0 18 0 10 0 13 0 0 0 0 0 32 43 0 0 45 0 29 0 31 0 0 20 3 35 41 46 
13 14 42 31 0 0 0 0 13 3 16 5 0 17 0 13 23 33 2 5 0 14 0 0 20 9 49 42 34 0 0 0 0 0 0 36 25 33 16 48 24 0 14 19 0 32 15 17 0 5 
0 6 0 39 23 6 0 22 0 43 15 25 0 14 0 36 12 48 25 16 0 0 39 34 21 32 46 6 0 0 0 0 0 21 12 42 0 31 49 0 41 0 28 12 0 47 10 43 15 0 
29 21 10 32 0 24 0 29 20 24 8 0 42 13 0 34 0 41 12 8 32 20 0 34 0 43 0 31 0 0 0 0 0 13 45 0 0 9 38 23 25 25 11 33 46 20 0 44 3 24 
22 10 0 27 0 28 35 0 0 38 15 8 44 3 19 6 27 19 0 44 0 0 19 0 21 39 13 0 0 0 0 21 13 0 0 0 0 0 15 0 49 24 30 0 40 32 13 15 11 35 
0 0 0 34 32 47 0 0 30 41 34 33 36 41 34 0 6 0 44 0 0 24 3 0 26 0 43 15 26 32 0 12 45 0 0 49 48 0 3 13 17 0 41 16 0 0 48 11 0 20 
6 0 44 0 42 0 27 18 26 0 10 0 0 28 43 0 22 49 37 0 41 4 1 29 0 20 5 27 36 43 36 42 0 0 49 0 45 3 25 0 0 44 21 0 18 0 9 8 4 31 
20 9 41 34 16 32 0 0 21 0 2 46 31 8 24 6 0 42 19 0 0 0 1 1 26 13 13 29 34 0 25 0 0 0 48 45 0 46 30 5 25 38 37 33 22 0 30 33 41 26 
0 14 0 9 23 38 33 39 25 0 17 45 49 21 16 33 0 7 31 49 0 0 30 20 5 34 43 42 19 0 33 31 9 0 0 3 46 0 0 27 18 34 35 0 0 0 47 22 8 19 
36 0 0 0 0 26 48 20 17 48 39 42 0 0 22 30 0 34 38 0 0 0 0 0 0 24 0 20 34 45 16 49 38 15 3 25 30 0 0 0 21 46 0 0 42 27 30 1 21 43 
49 0 35 3 31 0 0 6 15 15 5 7 49 18 34 44 27 0 26 10 19 0 47 0 2 35 13 0 0 0 48 0 23 0 13 0 5 27 0 0 0 0 6 29 0 0 49 0 18 9 
37 21 0 8 5 0 20 0 27 0 3 49 0 25 0 0 0 14 33 5 0 25 45 39 18 18 13 0 12 29 24 41 25 49 17 0 25 18 21 0 0 34 14 5 0 39 12 29 15 22 
2 49 43 35 20 26 0 20 0 0 13 8 0 32 38 0 30 9 43 0 0 17 9 28 1 0 43 5 45 0 0 0 25 24 0 44 38 34 46 0 34 0 17 26 29 41 28 14 0 46 
40 12 38 9 16 14 0 23 0 42 19 18 40 13 0 0 17 3 19 38 38 41 0 0 20 6 46 15 8 31 14 28 11 30 41 21 37 35 0 6 14 17 0 23 23 35 30 14 17 0 
0 0 0 0 39 0 12 37 42 0 32 10 5 0 0 37 0 1 13 37 40 8 33 47 17 32 25 15 1 0 19 12 33 0 16 0 33 0 0 29 5 26 23 0 0 28 2 0 0 3 
6 34 0 18 0 22 0 9 49 21 33 0 0 14 0 0 15 17 21 36 32 44 0 4 40 10 45 0 34 0 0 0 46 40 0 18 22 0 42 0 0 29 23 0 0 0 0 22 0 0 
15 48 39 47 0 0 47 12 35 45 18 0 49 38 0 42 32 48 10 26 25 0 36 49 0 43 0 32 31 20 32 47 20 32 0 0 0 0 27 0 39 41 35 28 0 0 21 0 7 14 
0 30 6 9 9 0 1 0 3 35 21 27 24 0 33 46 41 42 0 23 26 1 0 13 0 16 20 42 25 3 15 10 0 13 48 9 30 47 30 49 12 28 30 2 0 21 0 0 0 40 
46 0 0 4 11 21 15 0 0 40 0 0 38 19 35 22 0 0 0 20 34 0 0 29 0 0 17 0 0 35 17 43 44 15 11 8 33 22 1 0 29 14 14 0 22 0 0 0 47 27 
0 0 22 48 40 32 12 45 34 4 0 5 12 21 13 12 0 39 24 42 31 12 31 24 0 35 20 10 26 41 0 15 3 11 0 4 41 8 21 18 15 0 17 0 0 7 0 47 0 32 
23 0 13 25 0 33 0 0 0 0 39 0 28 34 24 16 42 9 37 9 0 0 35 0 13 0 0 5 38 46 5 0 24 35 20 31 26 19 43 9 22 46 0 3 0 14 40 27 32 0 
