25
0 21 3 4 0 7 0 0 0 10 14 22 20 9 0 19 0 4 3 22 7 5 0 5 5 
21 0 0 21 11 8 14 5 0 0 5 0 22 0 14 16 0 0 24 23 14 23 23 0 0 
3 0 0 14 4 0 0 8 5 14 6 19 0 11 15 18 15 19 21 22 0 4 19 22 8 
4 21 14 0 0 2 0 21 0 14 17 24 13 6 0 11 0 17 11 14 23 22 5 0 18 
0 11 4 0 0 0 14 10 22 0 24 0 21 13 1 0 23 2 0 6 4 7 2 18 20 
7 8 0 2 0 0 0 7 0 22 0 7 0 0 23 14 13 21 10 14 0 14 6 21 0 
0 14 0 0 14 0 0 21 11 11 0 24 0 12 5 21 0 12 18 0 24 1 19 1 11 
0 5 8 21 10 7 21 0 2 20 0 4 0 7 23 0 0 0 5 23 18 11 13 0 0 
0 0 5 0 22 0 11 2 0 10 11 3 24 4 12 0 20 24 0 0 12 20 19 0 0 
10 0 14 14 0 22 11 20 10 0 0 15 1 11 9 21 0 0 24 21 18 13 0 0 14 
14 5 6 17 24 0 0 0 11 0 0 23 23 0 0 2 19 11 24 23 3 14 16 14 6 
22 0 19 24 0 7 24 4 3 15 23 0 7 10 0 0 0 19 0 0 2 24 0 0 0 
20 22 0 13 21 0 0 0 24 1 23 7 0 13 18 17 0 0 24 0 2 0 10 24 16 
9 0 11 6 13 0 12 7 4 11 0 10 13 0 0 0 17 4 0 14 19 20 0 10 23 
0 14 15 0 1 23 5 23 12 9 0 0 18 0 0 0 0 17 14 15 20 13 0 11 10 
19 16 18 11 0 14 21 0 0 21 2 0 17 0 0 0 0 21 13 0 19 9 23 1 4 
0 0 15 0 23 13 0 0 20 0 19 0 0 17 0 0 0 4 0 11 10 0 21 4 4 
4 0 19 17 2 21 12 0 24 0 11 19 0 4 17 21 4 0 9 6 3 14 9 0 0 
3 24 21 11 0 10 18 5 0 24 24 0 24 0 14 13 0 9 0 11 0 14 13 20 0 
22 23 22 14 6 14 0 23 0 21 23 0 0 14 15 0 11 6 11 0 11 21 13 0 19 
7 14 0 23 4 0 24 18 12 18 3 2 2 19 20 19 10 3 0 11 0 2 0 20 2 
5 23 4 22 7 14 1 11 20 13 14 24 0 20 13 9 0 14 14 21 2 0 0 9 3 
0 23 19 5 2 6 19 13 19 0 16 0 10 0 0 23 21 9 13 13 0 0 0 8 11 
5 0 22 0 18 21 1 0 0 0 14 0 24 10 11 1 4 0 20 0 20 9 8 0 2 
5 0 8 18 20 0 11 0 0 14 6 0 16 23 10 4 4 0 0 19 2 3 11 2 0 
