100
0 97 0 56 96 0 41 43 26 0 18 77 90 82 95 0 15 19 9 75 0 0 2 0 19 0 60 9 0 85 25 21 0 23 62 0 0 3 42 23 8 61 50 0 62 87 96 7 64 49 26 0 71 88 18 56 0 66 0 66 38 14 44 0 0 0 18 39 0 54 0 15 0 68 63 78 12 0 86 28 35 24 37 31 21 0 0 0 27 24 55 67 0 3 0 0 1 0 0 19 
97 0 41 0 0 14 53 0 7 86 0 54 6 59 66 0 0 0 13 16 0 93 0 20 72 83 32 52 9 95 29 43 3 0 24 74 15 17 0 0 0 93 50 56 26 24 75 35 79 18 80 0 49 0 3 74 87 51 0 21 0 0 94 55 5 67 0 63 23 18 0 20 72 0 4 53 35 80 0 6 19 0 36 34 0 52 0 0 6 37 0 1 14 59 52 0 90 0 0 0 
0 41 0 0 9 84 0 86 7 8 0 75 0 3 99 0 55 0 87 74 13 0 93 71 0 0 98 3 1 0 65 0 31 78 84 0 4 21 0 36 80 8 70 0 75 0 9 53 31 24 0 50 83 40 24 0 0 38 42 95 93 0 76 0 42 53 0 45 66 80 99 2 0 0 39 54 62 45 42 25 0 69 48 50 16 0 0 3 0 0 48 35 71 93 18 14 0 0 71 61 
56 0 0 0 0 92 43 0 20 48 46 7 0 21 38 0 86 48 99 65 97 78 0 48 64 43 41 0 52 43 75 28 74 41 0 57 58 38 10 72 58 1 36 93 0 0 7 0 0 0 89 0 0 36 8 37 98 0 33 96 0 64 0 0 60 42 53 0 33 83 14 0 53 0 0 69 31 87 60 72 62 38 0 12 0 0 34 32 97 89 0 33 0 24 25 0 75 18 5 0 
96 0 9 0 0 1 47 1 71 62 67 49 0 92 0 0 32 70 0 48 35 63 0 56 0 0 0 61 93 76 60 74 19 77 46 93 26 0 56 29 59 0 7 29 0 45 49 0 85 89 23 0 77 0 80 10 0 0 0 79 97 16 93 0 0 1 93 0 5 0 0 85 86 0 49 0 54 10 0 0 0 48 37 70 0 64 78 0 24 15 91 54 96 90 53 68 0 40 18 0 
0 14 84 92 1 0 28 0 57 0 53 40 48 60 84 0 41 0 0 79 68 79 85 11 95 5 41 0 10 76 0 55 0 0 9 0 43 12 0 23 65 0 68 0 0 0 43 33 30 81 65 0 0 20 19 92 0 6 61 0 16 86 67 40 0 30 0 67 53 50 0 43 32 0 0 23 0 70 0 77 83 7 37 74 92 0 81 20 71 66 0 5 55 57 12 63 0 16 76 0 
41 53 0 43 47 28 0 30 12 67 51 6 0 11 69 49 12 0 26 65 0 0 23 0 0 64 51 52 36 85 0 49 10 72 1 0 65 97 6 55 0 98 38 94 20 39 0 43 12 0 0 39 0 82 0 0 0 56 0 28 79 44 52 15 41 0 14 85 36 21 54 77 23 16 76 55 0 96 43 21 0 0 0 18 69 71 0 0 17 0 75 17 0 46 47 61 79 7 0 35 
43 0 86 0 1 0 30 0 83 0 48 74 15 0 70 0 11 97 79 0 47 7 72 79 26 0 14 68 78 55 16 0 98 13 0 65 35 80 0 72 16 32 71 55 96 17 0 7 46 79 36 23 24 84 30 31 15 0 64 3 3 58 89 70 69 30 45 90 15 69 18 0 89 60 95 43 72 51 83 92 0 46 53 49 21 0 0 0 16 27 0 71 84 20 47 9 33 29 0 0 
26 7 7 20 71 57 12 83 0 19 4 0 39 14 0 0 27 22 4 0 0 0 39 0 41 27 97 33 0 70 74 78 94 29 0 0 0 80 80 0 11 74 0 0 1 62 49 44 44 0 94 28 0 0 10 20 37 10 0 83 85 0 0 93 91 96 58 55 55 86 22 0 0 25 7 34 0 74 42 65 11 37 66 43 58 0 64 94 2 82 38 0 0 0 82 56 0 59 37 69 
0 86 8 48 62 0 67 0 19 0 22 70 60 0 41 46 40 22 77 5 34 29 0 27 0 60 0 18 92 44 0 0 0 99 0 42 61 7 65 19 47 62 10 0 0 9 30 0 13 15 0 38 63 1 69 0 72 6 84 19 26 3 0 19 73 98 16 39 96 0 0 0 69 49 14 0 0 97 32 36 0 0 0 77 0 64 59 88 56 19 0 98 73 96 0 34 17 0 0 0 
18 0 0 46 67 53 51 48 4 22 0 0 69 95 98 0 30 0 0 96 0 48 0 67 85 0 0 0 0 27 83 52 66 0 2 0 90 56 0 65 96 0 0 46 3 0 91 0 0 20 43 61 0 0 60 84 0 0 70 50 85 36 93 75 0 31 93 0 4 20 0 42 66 70 65 15 0 20 62 78 78 53 31 81 5 71 0 0 61 43 0 0 97 89 33 50 97 58 0 0 
77 54 75 7 49 40 6 74 0 70 0 0 0 13 94 39 79 0 17 46 26 82 42 0 42 0 28 74 0 47 83 0 0 0 36 0 43 0 63 65 0 0 47 0 48 0 62 45 21 31 96 66 0 0 23 0 8 97 22 27 84 0 1 80 0 52 41 2 89 0 0 91 27 29 11 70 12 0 91 0 61 16 39 13 29 58 0 21 44 28 25 22 80 86 47 69 63 45 19 10 
90 6 0 0 0 48 0 15 39 60 69 0 0 0 11 9 23 1 0 60 73 0 40 0 0 84 23 19 59 88 47 0 96 18 6 61 0 0 81 29 80 70 2 40 0 82 31 34 31 0 94 0 0 62 5 35 0 96 0 0 72 14 58 16 0 0 44 16 0 0 33 79 0 38 0 84 69 0 1 47 68 85 0 70 83 72 97 99 73 40 18 27 91 76 19 0 0 0 12 0 
82 59 3 21 92 60 11 0 14 0 95 13 0 0 0 0 52 22 34 7 0 0 33 0 0 23 0 88 51 0 0 82 14 22 77 94 2 23 0 0 65 87 33 88 82 25 77 17 12 34 30 44 0 92 0 0 50 32 32 0 87 66 48 38 25 78 1 10 90 39 20 25 73 0 94 0 0 0 91 64 21 75 0 0 99 0 14 98 63 44 1 24 8 96 7 0 28 41 29 21 
95 66 99 38 0 84 69 70 0 41 98 94 11 0 0 55 72 42 75 0 79 0 93 16 0 0 0 0 22 63 68 90 83 67 0 34 49 0 37 34 0 48 53 31 0 93 81 0 0 81 65 67 0 0 0 39 76 70 47 0 65 85 98 52 47 16 68 99 43 72 0 89 93 81 81 55 44 21 67 0 97 92 25 0 14 0 9 22 22 48 4 2 0 0 70 59 0 21 85 53 
0 0 0 0 0 0 49 0 0 46 0 39 9 0 55 0 0 8 0 0 0 0 68 41 0 35 0 77 84 0 0 0 11 12 41 0 0 89 7 56 0 18 0 27 14 84 35 0 95 77 0 87 72 18 0 22 36 91 44 0 22 0 71 65 0 55 7 99 0 51 0 3 0 0 49 0 87 0 64 36 33 84 19 0 49 92 0 26 44 33 0 88 67 0 14 9 50 45 0 67 
15 0 55 86 32 41 12 11 27 40 30 79 23 52 72 0 0 67 8 0 65 0 29 0 77 0 86 50 20 0 0 77 24 50 20 33 50 85 0 5 0 77 34 96 18 0 80 69 66 91 19 86 0 51 32 55 32 0 0 86 74 70 73 91 98 50 30 44 96 5 0 0 0 77 0 22 64 49 21 33 6 95 57 55 41 79 24 0 50 64 21 99 0 0 57 74 42 0 23 92 
19 0 0 48 70 0 0 97 22 22 0 0 1 22 42 8 67 0 45 22 0 25 3 69 0 1 63 92 0 0 54 0 73 98 25 9 78 3 53 0 0 36 19 77 96 0 7 43 93 82 0 0 62 0 0 74 6 98 26 68 50 2 97 0 98 7 74 33 0 73 20 16 2 6 30 72 67 27 41 64 0 28 31 53 0 0 68 77 0 16 13 0 0 0 31 90 79 63 0 51 
9 13 87 99 0 0 26 79 4 77 0 17 0 34 75 0 8 45 0 97 77 28 8 57 16 5 36 32 86 0 11 87 0 0 0 0 0 61 0 87 0 63 62 58 95 0 84 0 30 0 17 34 10 67 36 93 6 0 84 29 0 34 51 0 0 15 24 0 4 67 63 51 93 42 0 47 0 29 77 62 22 33 37 0 0 35 53 0 42 0 99 0 32 0 0 7 37 66 81 0 
75 16 74 65 48 79 65 0 0 5 96 46 60 7 0 0 0 22 97 0 29 87 16 62 75 18 70 56 0 75 56 92 0 9 0 0 75 40 93 56 44 23 0 0 0 76 61 0 48 65 67 86 85 87 0 3 75 0 62 0 35 47 10 20 0 89 0 0 35 11 0 42 84 5 80 93 23 47 77 98 12 56 84 0 41 77 10 0 27 97 6 81 78 49 28 0 87 23 22 65 
0 0 13 97 35 68 0 47 0 34 0 26 73 0 79 0 65 0 77 29 0 0 72 88 56 83 36 0 48 51 18 45 87 5 0 69 87 68 0 16 54 70 58 51 90 11 14 30 0 57 85 10 37 4 0 66 14 0 85 47 97 6 46 61 93 18 69 87 0 6 0 16 25 77 63 22 53 0 89 0 0 0 18 43 0 0 0 3 11 0 81 81 0 52 0 50 0 0 32 0 
0 93 0 78 63 79 0 7 0 29 48 82 0 0 0 0 0 25 28 87 0 0 78 0 0 98 77 86 0 35 4 10 34 0 0 25 0 27 56 0 40 31 62 0 86 0 9 49 91 0 0 44 96 99 38 0 0 96 0 0 0 92 21 0 0 24 58 94 21 81 0 56 0 42 55 0 90 0 58 83 11 31 0 80 87 42 97 94 3 80 0 80 28 12 75 0 34 10 75 0 
2 0 93 0 0 85 23 72 39 0 0 42 40 33 93 68 29 3 8 16 72 78 0 3 8 42 51 40 0 99 0 25 0 59 7 0 0 12 0 0 87 99 0 0 7 46 0 0 49 0 0 0 0 42 0 7 64 30 95 26 67 80 0 73 0 93 93 25 10 11 86 0 0 73 24 0 0 62 13 0 77 76 35 91 0 39 33 0 0 0 0 68 62 70 36 8 0 0 92 57 
0 20 71 48 56 11 0 79 0 27 67 0 0 0 16 41 0 69 57 62 88 0 3 0 23 0 79 32 1 0 52 1 45 0 27 98 3 28 83 86 0 0 82 41 45 20 4 54 37 19 35 0 0 0 0 17 0 29 44 38 83 92 24 18 0 35 0 19 25 27 0 0 0 0 29 40 0 60 90 48 25 0 59 0 0 26 0 23 0 47 62 71 5 84 1 68 66 12 0 7 
19 72 0 64 0 95 0 26 41 0 85 42 0 0 0 0 77 0 16 75 56 0 8 23 0 74 0 23 0 73 26 50 0 0 12 0 70 89 0 54 0 0 48 0 3 98 46 74 0 75 0 88 0 0 0 0 62 54 0 61 52 14 11 4 93 4 79 47 58 68 28 0 55 0 0 47 51 0 30 0 23 51 0 0 2 74 87 0 44 51 31 39 69 96 58 82 0 0 77 33 
0 83 0 43 0 5 64 0 27 60 0 0 84 23 0 35 0 1 5 18 83 98 42 0 74 0 90 0 70 0 43 5 38 57 84 0 69 0 20 0 13 93 0 21 31 0 0 91 0 33 0 12 0 0 23 47 50 58 4 89 51 18 27 16 4 0 11 0 75 56 0 5 75 93 0 0 0 91 35 57 5 98 73 0 13 0 0 0 0 14 18 0 0 80 0 0 0 14 0 79 
60 32 98 41 0 41 51 14 97 0 0 28 23 0 0 0 86 63 36 70 36 77 51 79 0 90 0 6 54 16 30 33 35 94 63 99 76 97 92 0 0 0 77 18 0 0 0 73 82 51 86 67 0 38 0 0 95 93 94 48 97 0 52 81 64 0 0 1 0 40 39 48 90 49 0 36 86 55 45 77 70 87 0 0 57 11 0 63 91 47 64 62 43 88 0 21 7 0 39 0 
9 52 3 0 61 0 52 68 33 18 0 74 19 88 0 77 50 92 32 56 0 86 40 32 23 0 6 0 0 97 55 65 46 0 0 0 14 77 84 87 0 0 65 0 0 49 61 0 0 0 0 57 28 0 0 0 3 0 25 37 60 0 0 13 71 98 26 41 0 51 50 70 24 20 53 36 0 39 0 0 18 0 12 0 95 39 86 46 0 0 58 0 97 0 0 75 0 0 0 1 
0 9 1 52 93 10 36 78 0 92 0 0 59 51 22 84 20 0 86 0 48 0 0 1 0 70 54 0 0 0 12 0 53 0 45 45 68 0 8 92 18 68 0 4 64 98 0 0 36 48 0 63 40 15 76 0 0 19 89 51 0 25 53 99 0 10 0 43 4 0 0 5 60 5 92 20 0 0 79 98 58 0 50 43 0 22 25 41 76 92 40 96 62 60 0 18 0 38 88 14 
85 95 0 43 76 76 85 55 70 44 27 47 88 0 63 0 0 0 0 75 51 35 99 0 73 0 16 97 0 0 41 36 24 90 79 5 0 49 22 65 37 80 60 38 95 4 81 16 56 0 2 7 0 74 0 0 63 87 69 72 0 53 0 0 18 35 4 76 83 0 40 19 0 7 9 18 89 0 21 90 44 38 0 89 44 99 0 9 52 28 75 76 0 0 73 83 0 38 0 0 
25 29 65 75 60 0 0 16 74 0 83 83 47 0 68 0 0 54 11 56 18 4 0 52 26 43 30 55 12 41 0 26 0 57 0 48 4 0 59 81 2 71 38 13 39 20 51 45 95 0 47 1 10 82 0 0 10 29 77 85 94 0 47 38 0 0 94 99 84 32 55 1 62 71 74 37 0 47 46 49 0 77 0 0 49 22 0 0 0 94 0 0 73 4 55 98 93 46 0 5 
21 43 0 28 74 55 49 0 78 0 52 0 0 82 90 0 77 0 87 92 45 10 25 1 50 5 33 65 0 36 26 0 58 32 0 57 17 42 0 18 0 10 6 64 53 1 15 0 0 10 0 83 31 0 0 25 0 24 30 10 0 37 0 98 0 90 0 2 0 82 36 29 28 0 57 88 99 79 0 93 50 12 57 30 38 34 78 17 3 37 59 99 38 94 0 0 40 30 94 78 
0 3 31 74 19 0 10 98 94 0 66 0 96 14 83 11 24 73 0 0 87 34 0 45 0 38 35 46 53 24 0 58 0 18 33 59 51 0 0 97 45 14 46 0 0 57 13 65 93 0 32 0 83 93 0 0 23 0 49 0 96 0 55 0 0 96 18 86 6 8 59 0 26 19 32 71 39 5 0 0 28 7 32 69 83 15 45 14 45 0 99 3 0 0 0 71 0 41 69 5 
23 0 78 41 77 0 72 13 29 99 0 0 18 22 67 12 50 98 0 9 5 0 59 0 0 57 94 0 0 90 57 32 18 0 18 86 4 1 18 36 6 5 90 75 35 37 28 73 36 16 15 0 0 0 73 25 13 83 99 51 55 0 97 43 72 0 20 32 67 0 54 86 85 83 43 81 43 1 12 0 66 82 78 65 78 0 93 23 6 0 23 0 81 65 9 86 0 69 71 40 
62 24 84 0 46 9 1 0 0 0 2 36 6 77 0 41 20 25 0 0 0 0 7 27 12 84 63 0 45 79 0 0 33 18 0 0 0 41 0 22 70 0 78 91 0 0 0 94 0 0 0 0 52 0 77 21 69 18 0 66 42 95 0 0 5 0 0 0 57 86 0 0 13 0 76 54 0 57 31 81 0 64 29 78 97 42 0 0 0 3 90 44 85 0 71 27 0 98 8 0 
0 74 0 57 93 0 0 65 0 42 0 0 61 94 34 0 33 9 0 0 69 25 0 98 0 0 99 0 45 5 48 57 59 86 0 0 3 51 0 84 76 77 0 82 14 79 10 0 0 19 45 87 90 0 59 89 0 0 0 0 78 35 72 56 80 10 73 72 80 93 40 27 0 17 61 83 0 24 0 73 47 44 86 96 39 96 84 25 0 8 0 23 9 59 0 0 9 54 71 0 
0 15 4 58 26 43 65 35 0 61 90 43 0 2 49 0 50 78 0 75 87 0 0 3 70 69 76 14 68 0 4 17 51 4 0 3 0 12 0 85 0 89 38 43 76 99 0 89 50 61 65 55 21 0 15 70 15 61 39 9 85 96 0 48 23 82 21 0 89 99 21 64 0 53 85 98 0 0 52 0 87 0 0 47 26 78 62 67 0 85 9 78 0 84 26 40 53 48 43 0 
3 17 21 38 0 12 97 80 80 7 56 0 0 23 0 89 85 3 61 40 68 27 12 28 89 0 97 77 0 49 0 42 0 1 41 51 12 0 98 76 2 31 54 9 0 0 26 41 35 0 0 59 20 0 0 80 30 0 88 30 79 0 0 7 5 0 85 13 61 91 18 81 0 0 0 0 0 14 0 0 91 0 0 54 0 0 0 0 91 87 0 19 32 0 14 47 63 29 95 11 
42 0 0 10 56 0 6 0 80 65 0 63 81 0 37 7 0 53 0 93 0 56 0 83 0 20 92 84 8 22 59 0 0 18 0 0 0 98 0 90 0 26 27 0 0 0 96 6 28 10 57 0 62 0 57 59 79 0 13 0 0 48 84 16 0 20 13 0 61 0 22 0 75 39 5 98 2 35 23 95 0 11 0 24 0 98 87 0 51 27 0 0 74 45 28 73 0 91 0 11 
23 0 36 72 29 23 55 72 0 19 65 65 29 0 34 56 5 0 87 56 16 0 0 86 54 0 0 87 92 65 81 18 97 36 22 84 85 76 90 0 75 86 0 0 43 34 0 27 75 0 19 86 0 79 74 86 79 28 0 2 0 0 92 0 96 25 92 21 1 73 0 43 0 35 14 0 67 0 49 0 53 68 0 0 0 59 0 0 63 0 0 0 0 68 60 0 34 0 0 0 
8 0 80 58 59 65 0 16 11 47 96 0 80 65 0 0 0 0 0 44 54 40 87 0 0 13 0 0 18 37 2 0 45 6 70 76 0 2 0 75 0 0 0 0 0 25 60 0 15 0 0 0 0 76 1 30 0 0 0 79 92 3 0 0 35 0 31 80 80 14 84 91 0 28 74 17 0 0 0 82 0 28 30 0 0 76 0 39 90 22 86 0 74 1 28 72 80 8 59 65 
61 93 8 1 0 0 98 32 74 62 0 0 70 87 48 18 77 36 63 23 70 31 99 0 0 93 0 0 68 80 71 10 14 5 0 77 89 31 26 86 0 0 44 0 45 79 35 0 64 77 0 47 80 80 0 43 4 51 43 0 91 86 76 37 84 24 90 0 89 0 0 32 69 38 83 0 76 0 36 5 44 2 0 4 8 35 3 93 87 12 15 0 0 8 57 0 38 78 3 70 
50 50 70 36 7 68 38 71 0 10 0 47 2 33 53 0 34 19 62 0 58 62 0 82 48 0 77 65 0 60 38 6 46 90 78 0 38 54 27 0 0 44 0 31 27 69 3 14 85 61 9 0 37 19 54 0 40 0 49 72 64 68 33 27 36 0 0 11 40 93 83 41 24 10 16 0 60 67 30 12 3 0 70 0 0 20 0 0 93 89 0 15 52 83 10 0 69 0 1 22 
0 56 0 93 29 0 94 55 0 0 46 0 40 88 31 27 96 77 58 0 51 0 0 41 0 21 18 0 4 38 13 64 0 75 91 82 43 9 0 0 0 0 31 0 53 0 0 0 0 41 3 0 83 21 66 56 0 9 31 0 0 25 76 50 31 44 16 30 34 84 0 81 0 31 0 16 40 0 0 13 45 27 89 81 0 89 43 84 73 0 0 0 41 92 29 0 53 0 76 19 
62 26 75 0 0 0 20 96 1 0 3 48 0 82 0 14 18 96 95 0 90 86 7 45 3 31 0 0 64 95 39 53 0 35 0 14 76 0 0 43 0 45 27 53 0 0 98 0 52 0 43 71 0 0 65 17 55 0 0 0 70 53 59 7 0 63 59 54 0 72 59 96 97 28 74 2 91 32 0 70 50 0 69 83 26 0 81 0 30 84 91 60 46 34 0 5 57 0 0 0 
87 24 0 0 45 0 39 17 62 9 0 0 82 25 93 84 0 0 0 76 11 0 46 20 98 0 0 49 98 4 20 1 57 37 0 79 99 0 0 34 25 79 69 0 0 0 49 57 0 31 0 0 77 65 76 42 0 74 0 0 52 0 21 60 78 52 25 61 0 5 4 0 22 8 38 0 25 0 30 77 93 41 11 57 0 99 23 53 76 67 79 66 7 32 0 0 4 95 76 73 
96 75 9 7 49 43 0 0 49 30 91 62 31 77 81 35 80 7 84 61 14 9 0 4 46 0 0 61 0 81 51 15 13 28 0 10 0 26 96 0 60 35 3 0 98 49 0 49 11 0 0 23 15 3 0 0 35 52 28 26 49 42 0 0 0 0 3 0 0 0 82 0 90 0 38 0 59 0 33 98 3 31 57 0 33 19 68 80 13 0 58 1 0 19 68 50 63 71 0 30 
7 35 53 0 0 33 43 7 44 0 0 45 34 17 0 0 69 43 0 0 30 49 0 54 74 91 73 0 0 16 45 0 65 73 94 0 89 41 6 27 0 0 14 0 0 57 49 0 74 93 10 64 76 0 0 0 0 94 23 0 86 72 16 50 0 82 55 49 71 13 15 46 0 31 24 93 0 82 20 37 75 0 0 95 0 0 45 2 65 0 0 0 62 64 33 0 17 61 4 69 
64 79 31 0 85 30 12 46 44 13 0 21 31 12 0 95 66 93 30 48 0 91 49 37 0 0 82 0 36 56 95 0 93 36 0 0 50 35 28 75 15 64 85 0 52 0 11 74 0 0 55 74 78 23 90 94 0 88 0 0 76 0 23 14 35 59 33 0 0 42 0 66 0 63 90 28 91 0 88 0 0 18 9 54 10 0 23 0 64 51 51 0 0 25 43 0 64 70 18 30 
49 18 24 0 89 81 0 79 0 15 20 31 0 34 81 77 91 82 0 65 57 0 0 19 75 33 51 0 48 0 0 10 0 16 0 19 61 0 10 0 0 77 61 41 0 31 0 93 0 0 60 75 56 18 14 0 73 58 43 40 59 91 0 0 0 2 82 96 0 18 10 0 77 82 68 74 92 60 16 29 96 83 0 2 32 58 12 76 0 9 65 0 0 0 0 30 39 0 54 0 
26 80 0 89 23 65 0 36 94 0 43 96 94 30 65 0 19 0 17 67 85 0 0 35 0 0 86 0 0 2 47 0 32 15 0 45 65 0 57 19 0 0 9 3 43 0 0 10 55 60 0 51 52 48 46 12 1 75 5 31 0 0 68 6 51 0 49 58 65 38 0 0 74 74 0 74 0 78 82 17 62 85 98 0 64 0 0 0 0 32 52 83 49 81 0 43 23 73 35 18 
0 0 50 0 0 0 39 23 28 38 61 66 0 44 67 87 86 0 34 86 10 44 0 0 88 12 67 57 63 7 1 83 0 0 0 87 55 59 0 86 0 47 0 0 71 0 23 64 74 75 51 0 30 0 92 27 1 9 85 13 35 0 5 24 0 62 0 87 41 99 15 59 87 0 0 0 0 0 80 63 80 0 72 75 45 0 72 0 43 94 52 99 0 0 14 7 20 97 14 90 
71 49 83 0 77 0 0 24 0 63 0 0 0 0 0 72 0 62 10 85 37 96 0 0 0 0 0 28 40 0 10 31 83 0 52 90 21 20 62 0 0 80 37 83 0 77 15 76 78 56 52 30 0 0 63 78 70 0 41 98 9 48 0 75 51 70 55 78 11 0 0 0 0 0 0 76 53 78 62 0 27 16 55 29 0 47 44 0 0 0 41 54 77 58 19 83 25 0 51 3 
88 0 40 36 0 20 82 84 0 1 0 0 62 92 0 18 51 0 67 87 4 99 42 0 0 0 38 0 15 74 82 0 93 0 0 0 0 0 0 79 76 80 19 21 0 65 3 0 23 18 48 0 0 0 50 14 0 56 65 25 0 32 0 54 0 24 45 2 30 0 77 0 69 18 68 0 77 0 0 98 0 7 0 71 59 80 32 40 72 21 0 0 58 17 0 0 0 31 85 0 
18 3 24 8 80 19 0 30 10 69 60 23 5 0 0 0 32 0 36 0 0 38 0 0 0 23 0 0 76 0 0 0 0 73 77 59 15 0 57 74 1 0 54 66 65 76 0 0 90 14 46 92 63 50 0 70 36 74 0 67 43 97 19 5 78 91 0 0 0 84 10 0 0 65 21 75 70 26 81 91 45 38 7 80 0 55 0 16 0 49 60 7 63 0 76 27 0 77 76 0 
56 74 0 37 10 92 0 31 20 0 84 0 35 0 39 22 55 74 93 3 66 0 7 17 0 47 0 0 0 0 0 25 0 25 21 89 70 80 59 86 30 43 0 56 17 42 0 0 94 0 12 27 78 14 70 0 72 80 40 82 23 86 16 91 3 0 0 7 46 74 0 38 5 8 93 0 44 72 5 69 77 33 74 81 20 32 0 11 0 82 0 91 60 0 23 18 0 15 94 0 
0 87 0 98 0 0 0 15 37 72 0 8 0 50 76 36 32 6 6 75 14 0 64 0 62 50 95 3 0 63 10 0 23 13 69 0 15 30 79 79 0 4 40 0 55 0 35 0 0 73 1 1 70 0 36 72 0 42 53 9 54 70 96 87 20 29 67 2 71 0 0 35 0 13 69 67 0 0 81 20 0 0 80 0 51 46 0 0 84 10 0 0 0 11 0 84 90 57 29 90 
66 51 38 0 0 6 56 0 10 6 0 97 96 32 70 91 0 98 0 0 0 96 30 29 54 58 93 0 19 87 29 24 0 83 18 0 61 0 0 28 0 51 0 9 0 74 52 94 88 58 75 9 0 56 74 80 42 0 14 68 57 41 0 0 0 11 4 64 77 79 0 0 92 0 0 24 76 42 0 48 44 33 0 18 46 81 0 31 62 63 75 0 66 3 38 0 57 21 71 0 
0 0 42 33 0 61 0 64 0 84 70 22 0 32 47 44 0 26 84 62 85 0 95 44 0 4 94 25 89 69 77 30 49 99 0 0 39 88 13 0 0 43 49 31 0 0 28 23 0 43 5 85 41 65 0 40 53 14 0 0 0 76 0 68 0 0 29 91 55 67 85 0 82 0 10 0 0 87 0 78 62 16 0 12 61 9 49 42 49 95 12 90 8 0 0 0 60 0 39 0 
66 21 95 96 79 0 28 3 83 19 50 27 0 0 0 0 86 68 29 0 47 0 26 38 61 89 48 37 51 72 85 10 0 51 66 0 9 30 0 2 79 0 72 0 0 0 26 0 0 40 31 13 98 25 67 82 9 68 0 0 73 95 33 35 0 13 82 33 97 82 26 93 27 0 50 42 23 0 32 8 62 87 63 68 0 24 0 49 48 25 43 7 0 5 0 86 24 1 41 82 
38 0 93 0 97 16 79 3 85 26 85 84 72 87 65 22 74 50 0 35 97 0 67 83 52 51 97 60 0 0 94 0 96 55 42 78 85 79 0 0 92 91 64 0 70 52 49 86 76 59 0 35 9 0 43 23 54 57 0 73 0 71 53 92 80 20 59 78 38 18 63 0 0 42 13 19 57 0 0 0 0 59 33 73 0 0 0 0 93 0 91 30 9 0 57 33 44 55 0 0 
14 0 0 64 16 86 44 58 0 3 36 0 14 66 85 0 70 2 34 47 6 92 80 92 14 18 0 0 25 53 0 37 0 0 95 35 96 0 48 0 3 86 68 25 53 0 42 72 0 91 0 0 48 32 97 86 70 41 76 95 71 0 5 95 96 85 0 0 0 67 27 83 14 49 0 0 78 93 67 0 17 0 56 77 71 0 99 0 77 26 88 52 28 0 12 4 41 0 64 0 
44 94 76 0 93 67 52 89 0 0 93 1 58 48 98 71 73 97 51 10 46 21 0 24 11 27 52 0 53 0 47 0 55 97 0 72 0 0 84 92 0 76 33 76 59 21 0 16 23 0 68 5 0 0 19 16 96 0 0 33 53 5 0 73 46 50 94 88 14 0 1 41 89 5 12 1 0 0 61 0 41 33 88 59 53 0 77 0 63 52 28 43 21 0 21 32 0 69 0 26 
0 55 0 0 0 40 15 70 93 19 75 80 16 38 52 65 91 0 0 20 61 0 73 18 4 16 81 13 99 0 38 98 0 43 0 56 48 7 16 0 0 37 27 50 7 60 0 50 14 0 6 24 75 54 5 91 87 0 68 35 92 95 73 0 0 59 24 40 80 0 47 1 0 20 29 82 28 64 0 0 39 95 81 84 0 52 0 44 30 0 11 57 16 73 10 13 86 28 73 72 
0 5 42 60 0 0 41 69 91 73 0 0 0 25 47 0 98 98 0 0 93 0 0 0 93 4 64 71 0 18 0 0 0 72 5 80 23 5 0 96 35 84 36 31 0 78 0 0 35 0 51 0 51 0 78 3 20 0 0 0 80 96 46 0 0 84 26 95 75 0 98 0 7 0 18 41 0 0 46 63 90 0 0 69 96 65 86 56 7 39 75 0 0 0 0 61 77 0 14 48 
0 67 53 42 1 30 0 30 96 98 31 52 0 78 16 55 50 7 15 89 18 24 93 35 4 0 0 98 10 35 0 90 96 0 0 10 82 0 20 25 0 24 0 44 63 52 0 82 59 2 0 62 70 24 91 0 29 11 0 13 20 85 50 59 84 0 67 0 0 52 0 65 37 20 16 53 0 71 90 0 0 85 53 57 32 43 44 51 89 63 90 83 46 38 0 84 0 0 80 34 
18 0 0 53 93 0 14 45 58 16 93 41 44 1 68 7 30 74 24 0 69 58 93 0 79 11 0 26 0 4 94 0 18 20 0 73 21 85 13 92 31 90 0 16 59 25 3 55 33 82 49 0 55 45 0 0 67 4 29 82 59 0 94 24 26 67 0 0 64 35 40 0 0 0 93 0 0 0 31 87 38 0 98 93 0 2 34 62 21 71 31 32 72 67 48 50 32 43 66 0 
39 63 45 0 0 67 85 90 55 39 0 2 16 10 99 99 44 33 0 0 87 94 25 19 47 0 1 41 43 76 99 2 86 32 0 72 0 13 0 21 80 0 11 30 54 61 0 49 0 96 58 87 78 2 0 7 2 64 91 33 78 0 88 40 95 0 0 0 74 0 0 31 99 66 52 9 50 1 14 0 0 90 87 93 0 32 64 0 0 91 86 34 0 66 57 4 97 0 84 55 
0 23 66 33 5 53 36 15 55 96 4 89 0 90 43 0 96 0 4 35 0 21 10 25 58 75 0 0 4 83 84 0 6 67 57 80 89 61 61 1 80 89 40 34 0 0 0 71 0 0 65 41 11 30 0 46 71 77 55 97 38 0 14 80 75 0 64 74 0 14 2 92 50 51 13 0 91 14 0 26 81 60 51 10 3 0 0 0 40 85 79 25 2 37 0 26 0 91 89 0 
54 18 80 83 0 50 21 69 86 0 20 0 0 39 72 51 5 73 67 11 6 81 11 27 68 56 40 51 0 0 32 82 8 0 86 93 99 91 0 73 14 0 93 84 72 5 0 13 42 18 38 99 0 0 84 74 0 79 67 82 18 67 0 0 0 52 35 0 14 0 67 0 23 18 56 22 31 74 0 16 57 0 0 71 0 63 55 0 28 67 0 0 71 18 15 91 45 94 21 38 
0 0 99 14 0 0 54 18 22 0 0 0 33 20 0 0 0 20 63 0 0 0 86 0 28 0 39 50 0 40 55 36 59 54 0 40 21 18 22 0 84 0 83 0 59 4 82 15 0 10 0 15 0 77 10 0 0 0 85 26 63 27 1 47 98 0 40 0 2 67 0 59 0 76 87 20 3 20 76 36 57 0 72 0 48 87 35 0 98 0 0 21 33 22 84 0 38 93 93 84 
15 20 2 0 85 43 77 0 0 0 42 91 79 25 89 3 0 16 51 42 16 56 0 0 0 5 48 70 5 19 1 29 0 86 0 27 64 81 0 43 91 32 41 81 96 0 0 46 66 0 0 59 0 0 0 38 35 0 0 93 0 83 41 1 0 65 0 31 92 0 59 0 42 0 82 62 87 35 41 51 0 0 32 69 0 0 29 36 4 0 80 0 5 64 63 0 0 46 17 41 
0 72 0 53 86 32 23 89 0 69 66 27 0 73 93 0 0 2 93 84 25 0 0 0 55 75 90 24 60 0 62 28 26 85 13 0 0 0 75 0 0 69 24 0 97 22 90 0 0 77 74 87 0 69 0 5 0 92 82 27 0 14 89 0 7 37 0 99 50 23 0 42 0 52 0 66 99 37 0 65 3 89 0 83 41 19 48 46 0 28 76 41 10 0 48 47 76 39 66 7 
68 0 0 0 0 0 16 60 25 49 70 29 38 0 81 0 77 6 42 5 77 42 73 0 0 93 49 20 5 7 71 0 19 83 0 17 53 0 39 35 28 38 10 31 28 8 0 31 63 82 74 0 0 18 65 8 13 0 0 0 42 49 5 20 0 20 0 66 51 18 76 0 52 0 98 27 79 76 41 0 64 49 78 0 63 7 0 75 0 73 11 30 26 79 88 0 97 0 2 0 
63 4 39 0 49 0 76 95 7 14 65 11 0 94 81 49 0 30 0 80 63 55 24 29 0 0 0 53 92 9 74 57 32 43 76 61 85 0 5 14 74 83 16 0 74 38 38 24 90 68 0 0 0 68 21 93 69 0 10 50 13 0 12 29 18 16 93 52 13 56 87 82 0 98 0 0 46 92 83 91 57 34 0 0 0 0 45 75 38 23 67 62 96 60 75 22 0 77 45 54 
78 53 54 69 0 23 55 43 34 0 15 70 84 0 55 0 22 72 47 93 22 0 0 40 47 0 36 36 20 18 37 88 71 81 54 83 98 0 98 0 17 0 0 16 2 0 0 93 28 74 74 0 76 0 75 0 67 24 0 42 19 0 1 82 41 53 0 9 0 22 20 62 66 27 0 0 41 46 94 0 48 34 69 70 20 28 3 75 56 0 0 24 96 99 1 84 49 63 79 0 
12 35 62 31 54 0 0 72 0 0 0 12 69 0 44 87 64 67 0 23 53 90 0 0 51 0 86 0 0 89 0 99 39 43 0 0 0 0 2 67 0 76 60 40 91 25 59 0 91 92 0 0 53 77 70 44 0 76 0 23 57 78 0 28 0 0 0 50 91 31 3 87 99 79 46 41 0 0 96 0 0 56 0 7 65 13 22 99 0 29 21 59 0 50 0 42 68 0 97 94 
0 80 45 87 10 70 96 51 74 97 20 0 0 0 21 0 49 27 29 47 0 0 62 60 0 91 55 39 0 0 47 79 5 1 57 24 0 14 35 0 0 0 67 0 32 0 0 82 0 60 78 0 78 0 26 72 0 42 87 0 0 93 0 64 0 71 0 1 14 74 20 35 37 76 92 46 0 0 0 0 0 32 27 0 0 13 39 25 78 46 99 0 0 45 17 10 50 42 45 69 
86 0 42 60 0 0 43 83 42 32 62 91 1 91 67 64 21 41 77 77 89 58 13 90 30 35 45 0 79 21 46 0 0 12 31 0 52 0 23 49 0 36 30 0 0 30 33 20 88 16 82 80 62 0 81 5 81 0 0 32 0 67 61 0 46 90 31 14 0 0 76 41 0 41 83 94 96 0 0 0 0 8 65 5 35 1 30 0 17 24 80 33 24 76 75 88 0 52 0 0 
28 6 25 72 0 77 21 92 65 36 78 0 47 64 0 36 33 64 62 98 0 83 0 48 0 57 77 0 98 90 49 93 0 0 81 73 0 0 95 0 82 5 12 13 70 77 98 37 0 29 17 63 0 98 91 69 20 48 78 8 0 0 0 0 63 0 87 0 26 16 36 51 65 0 91 0 0 0 0 0 99 34 0 61 0 0 0 93 95 0 28 0 0 29 0 77 75 0 0 64 
35 19 0 62 0 83 0 0 11 0 78 61 68 21 97 33 6 0 22 12 0 11 77 25 23 5 70 18 58 44 0 50 28 66 0 47 87 91 0 53 0 44 3 45 50 93 3 75 0 96 62 80 27 0 45 77 0 44 62 62 0 17 41 39 90 0 38 0 81 57 57 0 3 64 57 48 0 0 0 99 0 27 98 44 0 0 26 25 22 97 65 0 0 57 18 0 38 84 1 11 
24 0 69 38 48 7 0 46 37 0 53 16 85 75 92 84 95 28 33 56 0 31 76 0 51 98 87 0 0 38 77 12 7 82 64 44 0 0 11 68 28 2 0 27 0 41 31 0 18 83 85 0 16 7 38 33 0 33 16 87 59 0 33 95 0 85 0 90 60 0 0 0 89 49 34 34 56 32 8 34 27 0 3 60 51 47 34 0 54 0 0 0 0 0 6 46 0 0 0 0 
37 36 48 0 37 37 0 53 66 0 31 39 0 0 25 19 57 31 37 84 18 0 35 59 0 73 0 12 50 0 0 57 32 78 29 86 0 0 0 0 30 0 70 89 69 11 57 0 9 0 98 72 55 0 7 74 80 0 0 63 33 56 88 81 0 53 98 87 51 0 72 32 0 78 0 69 0 27 65 0 98 3 0 89 60 59 11 0 1 22 54 78 70 0 0 0 54 67 85 49 
31 34 50 12 70 74 18 49 43 77 81 13 70 0 0 0 55 53 0 0 43 80 91 0 0 0 0 0 43 89 0 30 69 65 78 96 47 54 24 0 0 4 0 81 83 57 0 95 54 2 0 75 29 71 80 81 0 18 12 68 73 77 59 84 69 57 93 93 10 71 0 69 83 0 0 70 7 0 5 61 44 60 89 0 67 0 89 0 82 99 56 94 89 0 43 0 0 20 91 99 
21 0 16 0 0 92 69 21 58 0 5 29 83 99 14 49 41 0 0 41 0 87 0 0 2 13 57 95 0 44 49 38 83 78 97 39 26 0 0 0 0 8 0 0 26 0 33 0 10 32 64 45 0 59 0 20 51 46 61 0 0 71 53 0 96 32 0 0 3 0 48 0 41 63 0 20 65 0 35 0 0 51 60 67 0 31 0 0 0 68 22 46 66 0 42 30 0 0 87 0 
0 52 0 0 64 0 71 0 0 64 71 58 72 0 0 92 79 0 35 77 0 42 39 26 74 0 11 39 22 99 22 34 15 0 42 96 78 0 98 59 76 35 20 89 0 99 19 0 0 58 0 0 47 80 55 32 46 81 9 24 0 0 0 52 65 43 2 32 0 63 87 0 19 7 0 28 13 13 1 0 0 47 59 0 31 0 13 75 47 94 40 0 0 25 0 0 0 4 94 0 
0 0 0 34 78 81 0 0 64 59 0 0 97 14 9 0 24 68 53 10 0 97 33 0 87 0 0 86 25 0 0 78 45 93 0 84 62 0 87 0 0 3 0 43 81 23 68 45 23 12 0 72 44 32 0 0 0 0 49 0 0 99 77 0 86 44 34 64 0 55 35 29 48 0 45 3 22 39 30 0 26 34 11 89 0 13 0 68 80 54 0 73 20 44 5 0 53 0 89 80 
0 0 3 32 0 20 0 0 94 88 0 21 99 98 22 26 0 77 0 0 3 94 0 23 0 0 63 46 41 9 0 17 14 23 0 25 67 0 0 0 39 93 0 84 0 53 80 2 0 76 0 0 0 40 16 11 0 31 42 49 0 0 0 44 56 51 62 0 0 0 0 36 46 75 75 75 99 25 0 93 25 0 0 0 0 75 68 0 86 70 61 60 0 97 59 0 0 0 95 16 
27 6 0 97 24 71 17 16 2 56 61 44 73 63 22 44 50 0 42 27 11 3 0 0 44 0 91 0 76 52 0 3 45 6 0 0 0 91 51 63 90 87 93 73 30 76 13 65 64 0 0 43 0 72 0 0 84 62 49 48 93 77 63 30 7 89 21 0 40 28 98 4 0 0 38 56 0 78 17 95 22 54 1 82 0 47 80 86 0 0 0 96 0 24 0 0 70 43 9 57 
24 37 0 89 15 66 0 27 82 19 43 28 40 44 48 33 64 16 0 97 0 80 0 47 51 14 47 0 92 28 94 37 0 0 3 8 85 87 27 0 22 12 89 0 84 67 0 0 51 9 32 94 0 21 49 82 10 63 95 25 0 26 52 0 39 63 71 91 85 67 0 0 28 73 23 0 29 46 24 0 97 0 22 99 68 94 54 70 0 0 94 46 49 59 52 8 50 52 69 1 
55 0 48 0 91 0 75 0 38 0 0 25 18 1 4 0 21 13 99 6 81 0 0 62 31 18 64 58 40 75 0 59 99 23 90 0 9 0 0 0 86 15 0 0 91 79 58 0 51 65 52 52 41 0 60 0 0 75 12 43 91 88 28 11 75 90 31 86 79 0 0 80 76 11 67 0 21 99 80 28 65 0 54 56 22 40 0 61 0 94 0 96 94 73 43 0 0 0 95 0 
67 1 35 33 54 5 17 71 0 98 0 22 27 24 2 88 99 0 0 81 81 80 68 71 39 0 62 0 96 76 0 99 3 0 44 23 78 19 0 0 0 0 15 0 60 66 1 0 0 0 83 99 54 0 7 91 0 0 90 7 30 52 43 57 0 83 32 34 25 0 21 0 41 30 62 24 59 0 33 0 0 0 78 94 46 0 73 60 96 46 96 0 0 54 0 10 0 93 54 11 
0 14 71 0 96 55 0 84 0 73 97 80 91 8 0 67 0 0 32 78 0 28 62 5 69 0 43 97 62 0 73 38 0 81 85 9 0 32 74 0 74 0 52 41 46 7 0 62 0 0 49 0 77 58 63 60 0 66 8 0 9 28 21 16 0 46 72 0 2 71 33 5 10 26 96 96 0 0 24 0 0 0 70 89 66 0 20 0 0 49 94 0 0 32 0 75 27 70 20 60 
3 59 93 24 90 57 46 20 0 96 89 86 76 96 0 0 0 0 0 49 52 12 70 84 96 80 88 0 60 0 4 94 0 65 0 59 84 0 45 68 1 8 83 92 34 32 19 64 25 0 81 0 58 17 0 0 11 3 0 5 0 0 0 73 0 38 67 66 37 18 22 64 0 79 60 99 50 45 76 29 57 0 0 0 0 25 44 97 24 59 73 54 32 0 22 0 13 0 28 69 
0 52 18 25 53 12 47 47 82 0 33 47 19 7 70 14 57 31 0 28 0 75 36 1 58 0 0 0 0 73 55 0 0 9 71 0 26 14 28 60 28 57 10 29 0 0 68 33 43 0 0 14 19 0 76 23 0 38 0 0 57 12 21 10 0 0 48 57 0 15 84 63 48 88 75 1 0 17 75 0 18 6 0 43 42 0 5 59 0 52 43 0 0 22 0 13 0 0 4 72 
0 0 14 0 68 63 61 9 56 34 50 69 0 0 59 9 74 90 7 0 50 0 8 68 82 0 21 75 18 83 98 0 71 86 27 0 40 47 73 0 72 0 0 0 5 0 50 0 0 30 43 7 83 0 27 18 84 0 0 86 33 4 32 13 61 84 50 4 26 91 0 0 47 0 22 84 42 10 88 77 0 46 0 0 30 0 0 0 0 8 0 10 75 0 13 0 3 50 42 3 
1 90 0 75 0 0 79 33 0 17 97 63 0 28 0 50 42 79 37 87 0 34 0 66 0 0 7 0 0 0 93 40 0 0 0 9 53 63 0 34 80 38 69 53 57 4 63 17 64 39 23 20 25 0 0 0 90 57 60 24 44 41 0 86 77 0 32 97 0 45 38 0 76 97 0 49 68 50 0 75 38 0 54 0 0 0 53 0 70 50 0 0 27 13 0 3 0 74 0 10 
0 0 0 18 40 16 7 29 59 0 58 45 0 41 21 45 0 63 66 23 0 10 0 12 0 14 0 0 38 38 46 30 41 69 98 54 48 29 91 0 8 78 0 0 0 95 71 61 70 0 73 97 0 31 77 15 57 21 0 1 55 0 69 28 0 0 43 0 91 94 93 46 39 0 77 63 0 42 52 0 84 0 67 20 0 4 0 0 43 52 0 93 70 0 0 50 74 0 0 60 
0 0 71 5 18 76 0 0 37 0 0 19 12 29 85 0 23 0 81 22 32 75 92 0 77 0 39 0 88 0 0 94 69 71 8 71 43 95 0 0 59 3 1 76 0 76 0 4 18 54 35 14 51 85 76 94 29 71 39 41 0 64 0 73 14 80 66 84 89 21 93 17 66 2 45 79 97 45 0 0 1 0 85 91 87 94 89 95 9 69 95 54 20 28 4 42 0 0 0 78 
19 0 61 0 0 0 35 0 69 0 0 10 0 21 53 67 92 51 0 65 0 0 57 7 33 79 0 1 14 0 5 78 5 40 0 0 0 11 11 0 65 70 22 19 0 73 30 69 30 0 18 90 3 0 0 0 90 0 0 82 0 0 26 72 48 34 0 55 0 38 84 41 7 0 54 0 94 69 0 64 11 0 49 99 0 0 80 16 57 1 0 11 60 69 72 3 10 60 78 0 
